22 0.52578125 0.5984375 0.6359375 0.234375
22 0.8421875 0.565625 0.309375 0.203125
22 0.60390625 0.60390625 0.7859375 0.2890625
22 0.76796875 0.721875 0.4578125 0.0875
22 0.69296875 0.82578125 0.6078125 0.2078125
22 0.98359375 0.28125 0.0265625 0.44375
22 0.93828125 0.2625 0.0734375 0.459375
22 0.88515625 0.27578125 0.0390625 0.4109375
22 0.821875 0.26484375 0.09375 0.4109375
22 0.75078125 0.259375 0.0484375 0.4
22 0.709375 0.26328125 0.04375 0.4046875
22 0.65703125 0.2703125 0.0546875 0.421875
22 0.60546875 0.2703125 0.0546875 0.409375
22 0.540625 0.2703125 0.06875 0.421875
22 0.4765625 0.28515625 0.065625 0.4484375
22 0.4171875 0.2921875 0.06875 0.465625
22 0.35859375 0.3015625 0.0546875 0.48125
22 0.28515625 0.35 0.1046875 0.590625
22 0.21796875 0.34453125 0.0578125 0.6234375
22 0.15234375 0.35546875 0.0734375 0.5890625
22 0.08359375 0.35234375 0.0953125 0.5953125
22 0.0234375 0.3546875 0.046875 0.6