22 0.965625 0.6578125 0.059375 0.575
22 0.9046875 0.63359375 0.0375 0.6234375
22 0.86328125 0.6546875 0.0359375 0.56875
22 0.8125 0.6515625 0.05 0.575
22 0.765625 0.5921875 0.03125 0.678125
22 0.7046875 0.6171875 0.071875 0.64375
22 0.665625 0.63046875 0.040625 0.5890625
22 0.61796875 0.63359375 0.0546875 0.5828125
22 0.58671875 0.646875 0.0265625 0.540625
22 0.534375 0.63046875 0.078125 0.5890625
22 0.47734375 0.6375 0.0453125 0.575
22 0.45 0.6265625 0.028125 0.58125
22 0.4296875 0.65390625 0.03125 0.5421875
22 0.390625 0.63359375 0.0375 0.5953125
22 0.35078125 0.640625 0.0453125 0.58125
22 0.315625 0.59296875 0.03125 0.6640625
22 0.29375 0.59921875 0.040625 0.6640625
22 0.26328125 0.59609375 0.0359375 0.6703125
22 0.23203125 0.63359375 0.0453125 0.5828125
22 0.19765625 0.65390625 0.0328125 0.5546875
22 0.175 0.6546875 0.03125 0.56875
22 0.13203125 0.64453125 0.0640625 0.5890625
22 0.06796875 0.609375 0.0828125 0.64375
22 0.02265625 0.640625 0.0453125 0.56875