24 0.3524334671591507 0.1745355509974356 0.2955648251729816 0.2827780422458596
24 0.3202156737044014 0.43784233250776994 0.13190565684233382 0.12623819812879425
24 0.11703046453717637 0.24434597283254494 0.20962596028857455 0.17549402494015956
24 0.43018754058964165 0.7425643615214914 0.1776626523467965 0.13317314818265766
24 0.8517058866187526 0.7433479099106021 0.13148606393540546 0.10219973659033271
24 0.7594326510994444 0.052486035186412525 0.1990874712779476 0.10497207037282505
24 0.7181808198068326 0.20553843163798438 0.2955350324666436 0.1434669262567917
24 0.7078791901871937 0.31410337183009285 0.22295809565363783 0.11366579054421368
24 0.4982112706079263 0.49200124292409864 0.19499308691203346 0.16280302856687479
24 0.4447872677364814 0.5941680183899076 0.2303374712779476 0.12361705796162535
24 0.768428083169977 0.4229712336997047 0.16750179695240502 0.10147530444662187
24 0.8642584215826354 0.5746308354053352 0.123549050947734 0.1979057390081428
24 0.9337297471298226 0.2411350245002503 0.12440040334594553 0.10907539224984418
24 0.6957015590707321 0.6677486587804999 0.16681828171696475 0.19992103582030515
24 0.09931966658688964 0.502173296431133 0.07720462537357195 0.1573169428004332
24 0.31472173639245477 0.5461833508318604 0.12760147602295552 0.15486043010693004