24 0.40760552839537934 0.8130339805611165 0.3057146300934214 0.27258732311608197
24 0.3631703423772624 0.5506930800445434 0.13750996535764004 0.12170275694069847
24 0.16945641460090488 0.7514125497600692 0.21720586057869815 0.16586706874601267
24 0.4586830932930125 0.2419395477525147 0.18108728704886884 0.12701393233118774
24 0.8792487068745214 0.2264158155020925 0.13596951074765057 0.09766429540223694
24 0.8198167192549076 0.9295259877955897 0.2043555212823356 0.11527441438573295
24 0.7711111576369387 0.7692226780467787 0.30158768566317423 0.13322018875776054
24 0.7557656503535242 0.6609517016353801 0.22777780097680114 0.10593874259412453
24 0.538251698852828 0.49027694058167515 0.20216660181162543 0.15608385643636247
24 0.48017611991367903 0.38991594262594115 0.2356055212823356 0.11563804105664187
24 0.8111025364170726 0.5499001088233518 0.17171911213334512 0.09327617233020866
24 0.8996472737598329 0.39479693140083366 0.13251594457222418 0.19370625642657274
24 0.9599601966947789 0.7260670165376865 0.08007960661044213 0.10479192001664253
24 0.7271113522020622 0.3075163888140515 0.17578517534145496 0.19420973950936962
24 0.1397523964278628 0.4940471692454539 0.0819742941193178 0.15468529231748201
24 0.35263252740154016 0.4424780461979001 0.13455081858193524 0.1504929682220972