24 0.29447489113868064 0.8254644490025644 0.30886262624347494 0.28266608131185056
24 0.2866852904429416 0.5621576674922301 0.1389153207817711 0.12623819812879425
24 0.08706060053436872 0.7556540271674551 0.17412120106873744 0.1730901787863134
24 0.42556758729068017 0.25743563847850875 0.18254885668996496 0.1330611872486488
24 0.8489908841312735 0.25665209008939793 0.13709379508695518 0.10219973659033278
24 0.6910528735808643 0.9475139648135874 0.2056765553810186 0.10497207037282517
24 0.6647044809898506 0.7944615683620155 0.30310546952123585 0.1434669262567917
24 0.66448788507806 0.685896628169907 0.22898640664155379 0.11366579054421368
24 0.47050779571100104 0.5079987570759014 0.20396545675451322 0.16280302856687479
24 0.42638443503679413 0.40583198161009226 0.2369265553810186 0.12361705796162535
24 0.7354579795589532 0.5770287663002953 0.17278718225568432 0.09907145829277557
24 0.845855588882948 0.4253691645946648 0.1347645132508337 0.19790573900814293
24 0.8845115336561544 0.7588649754997498 0.13042871433386147 0.10907539224984439
24 0.6852546974072362 0.3322513412195 0.17803374402006447 0.19992103582030515
24 0.07083180017935398 0.49782670356886705 0.08377314906220543 0.15720498186642418
24 0.29127638683884327 0.4538166491681396 0.1362934593078576 0.15486043010693004