23 0.40310961865543365 0.21739820303983082 0.6559550685379792 0.20671364679945192
23 0.643541802355056 0.6704142156337215 0.6598795533882728 0.2547905698763749
23 0.3345980196099893 0.8002304691570725 0.5525896839225948 0.20129649653702203
23 0.8873376488396306 0.3692371046842994 0.22532470232073884 0.1139375030436376
23 0.9317477553633625 0.2108249973884913 0.13650448927327502 0.11332804508890017
23 0.8965358089820679 0.4920222288884449 0.20692838203586425 0.08471340848150041
23 0.5597514720422143 0.40632142173622365 0.3960455459249056 0.13085974150136928
23 0.14903727134196415 0.35966439654844246 0.25215806993549555 0.15682879309688488
23 0.3017792175002864 0.48615060536416593 0.2226744848502934 0.0595411247950884
23 0.1793545119087293 0.5551318164419479 0.20942875338230452 0.07320832028619834
23 0.12200529909169794 0.6442784269211734 0.14589847692606103 0.08663377691927
23 0.5092213492016922 0.49103828062374055 0.11332406247212855 0.039448937132259394