23 0.7690248201257842 0.44316239228156845 0.22922950279187895 0.6539296405286846
23 0.3088408383957276 0.6165601485373234 0.27730642586880216 0.6572915064875071
23 0.19028251286859024 0.28539299582445293 0.22018620343703596 0.5505642559132999
23 0.6000249570788478 0.8980960751337553 0.12262339505569755 0.2038078497324893
23 0.7566661543527796 0.9547248847350434 0.11838778800854673 0.09055023052991319
23 0.47711333930171107 0.8979197451608492 0.09314631334757792 0.20416050967830165
23 0.5751261875584055 0.5722982713639362 0.14443671833575422 0.39475152247452283
23 0.6361191510185188 0.16540940483847189 0.1652616979629624 0.2504702132610832
23 0.5046153638074791 0.3001176327442321 0.06721506822321889 0.22211186595882262
23 0.4401457568330487 0.1662169246283172 0.08037628942236424 0.20869734882339244
23 0.353276030667664 0.09484148650373753 0.09152486174159513 0.14497015575513425
23 0.4924332258387473 0.5084705582967772 0.04332807337065507 0.11293022924809894