23 0.6176518152809112 0.8064508331773884 0.6428338551595885 0.17681096288347384
23 0.41075162132606563 0.3629544016054385 0.6431135585158844 0.22488788596039677
23 0.7305388761778613 0.2181868061240984 0.5389222476442774 0.1762096006674375
23 0.12773490166294213 0.6774029284501544 0.2481835308943753 0.10240201074646266
23 0.07819113867576427 0.838166932233736 0.1448461166146203 0.10660834083811849
23 0.12341588887361829 0.5547857968522784 0.2408041704190593 0.07351390139686433
23 0.47476901203397104 0.6241353236609309 0.38766254848871146 0.11282853509510542
23 0.8814789198615605 0.651753186804831 0.2370421602768792 0.14562928601224895
23 0.7398485904891939 0.5319306847044659 0.21902970335629598 0.04934957334806957
23 0.8680138269337971 0.4569577373364036 0.2046905374401078 0.06368873926425778
23 0.9312184751981456 0.3647872599443262 0.13756304960370885 0.08013806281018122
23 0.5319508611010387 0.5367305830731014 0.11077271542633021 0.03429716387332686