24 0.7585547742060489 0.04756623090901084 0.48188260967861285 0.09513246181802168
24 0.2672201962218328 0.057505892739137004 0.48656432174764397 0.11501178547827401
24 0.15676082176667777 0.5767120029228914 0.2818287930968849 0.25449440211466484
24 0.15024562502379224 0.8611268413183465 0.2069622864695232 0.10673618620138334
24 0.46768440837978775 0.8648671520034354 0.3452413196253656 0.1379555213435309
24 0.6457238788585258 0.4180395035328679 0.48049682705334007 0.11148254879337052
24 0.8216472393282346 0.1259449813887242 0.3419658334201756 0.07545552134353081
24 0.5854404150580058 0.15031027554674833 0.14256236127032168 0.11295010437291671
24 0.41734150141058934 0.6361714843624717 0.10065846988779534 0.22821896113815507
24 0.17989020718267523 0.7528958850855811 0.159641244824567 0.11863965835123699
24 0.7156687245612093 0.8902267456442138 0.43038377691927 0.16159559892744058
24 0.8993500913278634 0.4958427817229474 0.15619889190357922 0.23592419893505415
24 0.36180785060807313 0.39216576731816094 0.2037616724065733 0.2743755157773083
24 0.38510231273747747 0.17639163535562433 0.30979308527241056 0.23917924190167575
24 0.16064065511696318 0.3883250304426211 0.16912042758200635 0.16228682983645137
24 0.08292081028478263 0.224591088265192 0.1545611488009841 0.204674198935054
24 0.1970983917828328 0.19583347858657918 0.09977660821716719 0.211392038061232