24 0.7511523875655304 0.9554928783258093 0.4772761887332859 0.08901424334838136
24 0.2595099065392366 0.9426695149004742 0.4820559097586007 0.11466097019905146
24 0.18268893943105152 0.42547708441945703 0.27202789746852996 0.25763770701649835
24 0.19441699793125952 0.14116047430218412 0.20304192821818123 0.10909366487775843
24 0.5131643692160845 0.1411388055768534 0.3403408718111881 0.14191271769316044
24 0.6631076871052481 0.5897766608882091 0.47696850462713225 0.11703946281625477
24 0.8208647680923828 0.8837515529289852 0.33961361846937027 0.07941271769316043
24 0.5854277014273478 0.8566358669818569 0.1382779384762231 0.11695366820001742
24 0.44796514046664543 0.36910477743703446 0.0915436369534251 0.22925737436465368
24 0.21721073740391758 0.2496720827583275 0.15513283283552382 0.12043583258085619
24 0.7636119097341264 0.11869799505920633 0.4246992574548242 0.1665350780588931
24 0.9225840573740587 0.514990394099443 0.14688804105664188 0.23760811227532186
24 0.37657448299713653 0.612310635644718 0.19298068721538295 0.2765926683419944
24 0.3860902839935714 0.8282250937189436 0.30067825233804046 0.2426593294715628
24 0.17448357837979395 0.6137938938438826 0.16284785437985916 0.16416719973308383
24 0.08598712707489992 0.776517488017151 0.14652441438573302 0.20635811227532186
24 0.1987021691230819 0.8065941631456405 0.09134783797678189 0.21243045128773075