24 0.07996657062386624 0.2377568473627512 0.14070237201696326 0.4755136947255024
24 0.10379053371908645 0.7267123038750778 0.13857854205287665 0.48591943373364516
24 0.6338611976078231 0.7851815321018012 0.2560655220111496 0.28042686263167044
24 0.918226938506513 0.7635006998832718 0.10791452612374669 0.20640151428343748
24 0.9201085582426363 0.44403941655957985 0.1399334490703552 0.3445403543927583
24 0.4723761130459681 0.3094242100931475 0.11426006432465549 0.4799921320858628
24 0.17934172453517747 0.16619629652639029 0.07743344907035493 0.33239259305278057
24 0.20508174860262549 0.39659502640539657 0.11374969217737754 0.14194551186562726
24 0.6917776148633562 0.5173436466914494 0.22873799181824375 0.09935467455514577
24 0.8098557037115615 0.7444444999082112 0.11953744114922835 0.15899635681056823
24 0.9309885020128603 0.20351668512007925 0.1380229959742793 0.4070333702401585
24 0.5486713966925468 0.06209488102157809 0.23676587030817067 0.12418976204315618
24 0.44817169172127586 0.597385238278993 0.27548371641857866 0.20221954889483745
24 0.2323274204776462 0.5953865111035687 0.2409186960727835 0.30848928993976116
24 0.4455092947680994 0.799980080806124 0.16322669620309832 0.16822319208426906
24 0.2822803554145403 0.8943558077252164 0.20551587030817067 0.15341156581950835
24 0.2528634364936527 0.7824386673675328 0.21191106874132062 0.0985709480170829