24 0.9536277502341627 0.4513429740504742 0.09274449953167455 0.8587912204367858
24 0.8847119098079789 0.442807425814675 0.13794841961297358 0.8677350517927138
24 0.792237565750407 0.40264412887043133 0.13775259210262464 0.7478785207301345
24 0.7074897000164125 0.41283568492080897 0.1368693846452256 0.7957875554921934
24 0.6200436517647999 0.4195054158978493 0.13476007322123434 0.7405830381111638
24 0.5348785615578582 0.4984164477264224 0.1495260466535047 0.8921092899609036
24 0.45525730211716314 0.49758083569091194 0.17042492031173154 0.8544871930736861
24 0.3561600923255969 0.4648809096805031 0.13839002334167283 0.8437805344116842
24 0.27788782496066944 0.4953372697237088 0.14633730352959995 0.882409961188087
24 0.17285473264999304 0.41945205710150124 0.12617496506209328 0.7235042825619445
24 0.08979915223312546 0.4946733755418731 0.16287008860883387 0.8206654586049758