24 0.4878410228724765 0.08512669885282802 0.8613148673651932 0.14137864565408972
24 0.48221467873470236 0.1841160869324486 0.8696978882925861 0.12276405826731633
24 0.444645130022433 0.27028557632677513 0.7501217624442743 0.12467716983275313
24 0.45732528234943437 0.35608425117131043 0.7978905945991994 0.12295038674503996
24 0.4665537109066654 0.4440557039781935 0.7427561785217368 0.1218111872959101
24 0.5481285922707797 0.5402542898458145 0.8943525316750436 0.1339198974926905
24 0.549606323252976 0.6193501447312391 0.8574314478234946 0.15549363165516894
24 0.5197104493852418 0.7131933089701009 0.8458134722151236 0.12362744981117292
24 0.5525152030979377 0.7954936779254351 0.8845831015986599 0.13089986949484847
24 0.4795041439219717 0.8889678700201619 0.7254671190618169 0.11352133060737876
24 0.5573192105943178 0.9541334450478464 0.8234695107476505 0.09173310990430722