24 0.048450325062450575 0.48689412101520274 0.09649623806488977 0.8597998243935551
24 0.148349796858954 0.479521269007346 0.07737735396363096 0.8685195215368677
24 0.23779558763405861 0.44039459279644855 0.0855941744601352 0.748775057580596
24 0.32304821224846425 0.451580744415307 0.08134590779999502 0.7966280587895012
24 0.4107466399402825 0.45927308773740516 0.0831064144591562 0.7414515581850486
24 0.5012116983915417 0.5392487570759014 0.08727245140279158 0.8930058268113653
24 0.5805805783920311 0.5393376986674295 0.11086337242321147 0.855663897689917
24 0.6771539937815414 0.5077584437200977 0.07950148729370099 0.8445930209324152
24 0.757361170188045 0.5391533657786304 0.08475672011943494 0.8832784812619716
24 0.8568419148141984 0.46441684099607666 0.07569907702097439 0.7242887523060985
24 0.9449450840351781 0.5406747801697948 0.10566408216223248 0.8217861296680529