24 0.42245392269565046 0.5817115469908007 0.13039670702386139 0.20171194320552674
24 0.4453262368246835 0.7397472109881331 0.14304583898639797 0.21443121444915647
24 0.584487131651154 0.6909013649646016 0.15214708102785374 0.25090893104148815
24 0.5388361583702709 0.5102273203776055 0.12078132240847676 0.2011519108260078
24 0.6742227568465486 0.5562633933835573 0.15025737744793644 0.2148512387337957
24 0.7010072295873452 0.38814602497965145 0.15330134641437246 0.18147740876970914
24 0.6633390086288938 0.2609284824272348 0.10889829349719148 0.15732264767725795
24 0.5956789296534285 0.3858929196158997 0.09472717705143675 0.16129029141567158
24 0.5829786895944711 0.17094684671854352 0.11989946073784861 0.18432498774908473
24 0.332650196571283 0.6947849072346697 0.10939199283255181 0.2124711011208396
24 0.48251430087430963 0.4188456037201166 0.1386263090139732 0.17582966789273827
24 0.5162583515993224 0.2551159033392636 0.09599720105733257 0.13979568412593607
24 0.48296711373253337 0.18156487496374618 0.12141122360178258 0.2131711415952385
24 0.25108795445993715 0.6048732755734181 0.10749206763335031 0.22194647764134465
24 0.33842995512076995 0.5159083809154509 0.11887117558999108 0.2561603561747097
24 0.3974722697708557 0.3267401380473386 0.12597717705143674 0.16311039664910856
24 0.37359211373253337 0.18793524328077563 0.10092065198440171 0.18801261529773888
24 0.2885279789868856 0.27916397599770937 0.15797283686411953 0.22488664763381971
24 0.23928490850053408 0.44139988284143467 0.15279742545972785 0.17186202415432453