24 0.3838966171359781 0.43379214417515455 0.19680950299617997 0.13039670702386139
24 0.22349537712620204 0.4734198300461215 0.20903853021887492 0.14304583898639797
24 0.2619690821720953 0.6082973967581126 0.2452221003986457 0.15214708102785374
24 0.4468283766272612 0.5433714469620725 0.19664166583340867 0.12078132240847676
24 0.3903291789508849 0.6844271561781023 0.20916440809095332 0.15025737744793644
24 0.5570817919629965 0.6937003757449982 0.17559448051849294 0.15330134641437246
24 0.687665731148506 0.6424262890111418 0.15320459790140661 0.10889829349719148
24 0.5673414622919425 0.5874902141404534 0.15776053446494187 0.09472717705143661
24 0.7841072090450247 0.5521135311224877 0.1798147427564856 0.11989946073784861
24 0.2771921153871502 0.35532663953029114 0.20845110014917528 0.10939199283255181
24 0.5428502616168515 0.4770971506118799 0.17053503246664356 0.1386263090139732
24 0.7046693044491921 0.49383386911763644 0.13612591908032648 0.09359335490348628
24 0.7810408273010848 0.45260587621519466 0.20866089660263945 0.12141122360178258
24 0.37365457292901516 0.26381195856471396 0.218024525473867 0.10749206763335024
24 0.45634159278472797 0.3423353425192658 0.2518462087904846 0.11887117558999108
24 0.6417795042486018 0.38185072017687227 0.15830600524394875 0.12597717705143674
24 0.7829499750276087 0.34323087621519466 0.18428676073863506 0.10092065198440171
24 0.697817149727357 0.26723731865315015 0.21890567057841645 0.15797283686411948
24 0.5386746884383657 0.23474961990873242 0.16597909590310833 0.15279742545972794