24 0.5810951249276581 0.5922956119948483 0.13153296337756887 0.19820877743251394
24 0.5591556632371628 0.7530606633580711 0.14425223462119846 0.21057773209884226
24 0.4197562948549759 0.7161821311695985 0.1535638945059335 0.246845258744793
24 0.4643341371351352 0.530679170473719 0.12191757876218426 0.19792899831483596
24 0.32926316542377615 0.5887875337518793 0.15146377308273692 0.2107875664371008
24 0.3015037566757861 0.4222448119052179 0.15431135206211252 0.17727360984209367
24 0.33841447339843256 0.2911431411782647 0.11218589459281002 0.15444993320734662
24 0.40678295911293777 0.410753780072298 0.09563898770564641 0.1587680120591024
24 0.4182206921122202 0.19370817843194907 0.12093752209802598 0.18110207523791283
24 0.6715301045818631 0.6980206216382423 0.11059838846735232 0.20959850518696918
24 0.5201018943104613 0.4339436555215986 0.139608258949276 0.17204624885788425
24 0.4854109632906924 0.272418460320888 0.09678276100557467 0.13720334145390645
24 0.518260323686595 0.19561316239373175 0.12261761923658308 0.20994822908406666
24 0.7525382463725739 0.600550686502217 0.10875457469302538 0.21914394502293424
24 0.6647052707440897 0.5188291660075747 0.12033007263672656 0.2530775702944584
24 0.6045757972370615 0.3339649570625977 0.1268889877056464 0.1596772941915559
24 0.627635323686595 0.19243067493014407 0.10198676905701622 0.1853502093102491
24 0.7132044612561128 0.276625986358052 0.1592353439237946 0.22061278539074392
24 0.7633803841810021 0.43529269433868956 0.15375131968259345 0.16765822522670903