24 0.04814224348827913 0.5313438590814723 0.09628448697655825 0.9044787336646555
24 0.13594953905088636 0.5386227242465333 0.10987429421099484 0.8880436074873903
24 0.23161377174879597 0.5576973935943982 0.10747044805714868 0.8846052128112036
24 0.32150033396326705 0.5305398145649458 0.09615066508211302 0.9114943736763651
24 0.4012284282444533 0.6854103451292592 0.08542339017734527 0.6253387321437583
24 0.49051684674319407 0.5530702349214145 0.09503154861140081 0.8730328352148267
24 0.5786069552556762 0.5444149947054606 0.09855451123595917 0.9111700105890788
24 0.6651454167941377 0.5436762853751601 0.10844967496902178 0.9126474292496798
24 0.7551847303942393 0.5413795644917611 0.10193758430167868 0.9172408710164779
24 0.846390994681554 0.5492991897622083 0.09671022331746898 0.9014016204755836
24 0.9328116772240949 0.520339775430444 0.10291681121355148 0.9593204491391121