24 0.04850469773354946 0.47329442216836437 0.09700939546709891 0.9040445765727024
24 0.11601363292814129 0.4728365588412983 0.1511667609538351 0.8875534301255077
24 0.21344254706835847 0.45936740206165866 0.14876291479998896 0.8874694859680756
24 0.2999257950726649 0.494925258963569 0.13856520972557396 0.9110882267193765
24 0.3955360223346195 0.3464209967813843 0.11448520780342032 0.6249465902542523
24 0.470580940620449 0.485218322062531 0.1356507686138688 0.8726266882578381
24 0.5574105623884258 0.5003015145780328 0.14096905587942005 0.9111721708768088
24 0.6439490239268874 0.503323504245588 0.151313050772731 0.9211233321219218
24 0.7343664835503403 0.5028656409185219 0.1459230380060084 0.9449099611880869
24 0.8260769425354574 0.501247826593249 0.14002243028142658 0.9303189959501459
24 0.9085901161700315 0.5261027779478684 0.1484731739787506 0.9477944441042632