24 0.5653140177899565 0.9510109539380346 0.8693719644200871 0.09550053337339812
24 0.5685584733006964 0.8609506483792206 0.8628830533986072 0.10472426700683822
24 0.5742067749652826 0.7651884532073188 0.8515864500694348 0.10232042085299206
24 0.5495560584055297 0.6754908186212613 0.9008878831889408 0.0908606914865391
24 0.6943764956919305 0.5948810620741458 0.6112470086161389 0.08179877863963725
24 0.5612235865747154 0.5063833406869128 0.874252542443821 0.08996548924209471
24 0.5438335079211267 0.4183632053701393 0.9123329841577466 0.09326453764038539
24 0.538769507964565 0.3318247438316778 0.9224609840708701 0.1031037228168811
24 0.5320426314874984 0.24176443827286367 0.9359147370250032 0.09645168575812044
24 0.5354620971168381 0.1505301847072654 0.9290758057663239 0.09130829260876146
24 0.4946667165488933 0.06432641907142135 0.9803017894028112 0.09723498772200936