24 0.546525934139478 0.8883698944669656 0.9069481317210439 0.12855629092263143
24 0.38525537782920904 0.802941803719774 0.657121640051344 0.08533281082152737
24 0.3227707102581353 0.7364888201922446 0.5702052377968989 0.07509928269243378
24 0.5162326679523463 0.6598938608212752 0.9178708468146789 0.11603339520880787
24 0.4051041662303743 0.58430245275008 0.6711667762584373 0.07862493730458144
24 0.32712047889796175 0.5207989523997052 0.45962831471997584 0.07123785145055778
24 0.52026748599552 0.4381943776441204 0.9179968270533401 0.11843724136265416
24 0.4018644556926789 0.36165287896829834 0.7673206224122835 0.08198270360186491
24 0.2881380266492269 0.3054181563640205 0.4982158334201755 0.07498480412331733
24 0.4781831854706605 0.2325548824599683 0.9314120620671277 0.09971013707647745
24 0.3705974628601271 0.15563563507570183 0.6958351389902048 0.09148360964813307
24 0.3077348545730699 0.0819711130866341 0.48480059840638773 0.0937119084094941