24 0.4923472456571207 0.0795512097778396 0.9323630527449758 0.12315253100977677
24 0.6660729149956169 0.16596625667491802 0.656757138130388 0.08152498000210653
24 0.7216083177445773 0.23276222496375543 0.5567833645108452 0.07179542948146575
24 0.5342895148549812 0.3082092353376937 0.9173801711518539 0.11071363156402893
24 0.6449553795234325 0.3844236157304486 0.6708443322514379 0.07473311021708512
24 0.722553535977911 0.448361096799213 0.4593058707129764 0.06857796962816838
24 0.5289649207838103 0.5298177225577666 0.9174921320858629 0.11311747771787523
24 0.6316996075890812 0.6070241916891861 0.7366007848218377 0.07753090139386551
24 0.7556672828768455 0.6639028856820425 0.48866543424630915 0.07210093225272647
24 0.5521389099365734 0.7356392096560823 0.8957221801268531 0.09671022331746898
24 0.6645911786581474 0.8131604302948895 0.6708176426837051 0.08985563493435714
24 0.7393806372037864 0.8871679370452653 0.48446394159152817 0.09331587896082502