24 0.4668875663460463 0.9204487902221603 0.9301226209957266 0.12315253100977668
24 0.6384848255227558 0.834033743325082 0.6553008574933761 0.08152498000210648
24 0.6989736352899032 0.7672377750362446 0.5685945455340812 0.07179542948146561
24 0.5034808047425743 0.6917907646623065 0.9154197933712608 0.11071363156402907
24 0.6122983132178947 0.6155763842695514 0.6695560839956196 0.07473311021708512
24 0.6883561728447645 0.551638903200787 0.4580176224571581 0.06857796962816838
24 0.49300321764812993 0.4701822774422334 0.9154757435115385 0.11311747771787523
24 0.6090602396551279 0.39297580831081397 0.7657099301494659 0.07753090139386551
24 0.7210359162389955 0.33609711431795747 0.4965351110589745 0.07210093225272675
24 0.529064929712019 0.26436079034391774 0.9294512193123933 0.09430637716362297
24 0.6343046440267093 0.1868395697051105 0.6938742962354701 0.08745178878051106
24 0.69496130421469 0.11283206295473466 0.4825596352581198 0.0909120328069788