23 0.8341875134834272 0.8067802859761856 0.2569186915070794 0.17932508766953958
23 0.5218644722197439 0.18217726054860847 0.3893617472073718 0.27622014771756975
23 0.7854584559722391 0.1536535669173444 0.30105956232765424 0.242062835522391
23 0.8849184531891278 0.22877415990261138 0.21643124760767854 0.18629887827822633
23 0.8639120785941927 0.4919533582453208 0.2304763838147717 0.17917125082357666
23 0.8498413883388889 0.3704402535496643 0.26603015516781936 0.16976564372541397
23 0.6272336586307973 0.37395431783448796 0.33814553978320394 0.17018519875985783
23 0.13952439811472317 0.4348242444289147 0.27904879622944634 0.18909430913088685
23 0.14745693734192947 0.6320025622994658 0.29491387468385893 0.13400163994183245
23 0.1550302538887124 0.7594343787889416 0.3100605077774248 0.14140897075277792
23 0.5576940976946987 0.5767366812230255 0.2803170302329509 0.21310480033371867
23 0.747162123822873 0.6090985020643017 0.3653437289074786 0.18476211252889754
23 0.6030879996886174 0.7429167321142429 0.207592187662829 0.10934783101951978
23 0.44608722906629256 0.779274304174804 0.22642457293904636 0.19356635741102388
23 0.14514674616526643 0.9182972011048604 0.29029349233053287 0.16340559779027933
23 0.5027291479685487 0.8914167646918348 0.7362919180317533 0.20133890529545304