23 0.2136114691498445 0.8762019230769231 0.18220642232597692 0.24759615384615385
23 0.830186464781577 0.53125 0.2806260701772362 0.37740384615384615
23 0.8648081043901725 0.7932692307692307 0.2454197302677551 0.28846153846153844
23 0.7920931231207334 0.8966346153846154 0.1887046528457372 0.20673076923076922
23 0.5287460914025013 0.8894230769230769 0.18174487012835583 0.22115384615384615
23 0.6497836682008429 0.8689903846153846 0.1727588748733636 0.25721153846153844
23 0.6410947415040638 0.6466346153846154 0.17401765359414867 0.3293269230769231
23 0.5688960620618425 0.15985576923076922 0.19468720529282882 0.27403846153846156
23 0.3719694942545756 0.17067307692307693 0.13758232767022077 0.3076923076923077
23 0.24464956668211515 0.17548076923076922 0.14538129620145887 0.34134615384615385
23 0.4369417388820894 0.5877403846153846 0.21623790209605856 0.2692307692307692
23 0.40902750249216946 0.7788461538461539 0.18890228271484671 0.3557692307692308
23 0.2720204383072935 0.6418269230769231 0.11169765734127471 0.20192307692307693
23 0.23205444867299052 0.48677884615384615 0.19608402847004702 0.21634615384615385
23 0.08473085851530662 0.171875 0.16912604270507062 0.3245192307692308
23 0.12136654407715798 0.5492788461538461 0.2097870904046195 0.7259615384615384