23 0.8031232133501391 0.17985719178644405 0.18076565746950898 0.2600350578937975
23 0.18454093852517192 0.48127295069661424 0.2784019815893683 0.3941626359652889
23 0.15144399182293578 0.21715255370311934 0.24374116926992825 0.30527086825565153
23 0.2247604574499294 0.11899806132390976 0.18750168413062804 0.2196739531722363
23 0.4880655251432161 0.14461581591000205 0.1804579733633553 0.23359275020148987
23 0.36690905027419496 0.15655979667166725 0.17366600413748087 0.26914616261535873
23 0.374304086201816 0.3792517524983188 0.17450514260880906 0.34126154723074337
23 0.4436701939602046 0.8634130775048496 0.19309257234489344 0.2731738449903007
23 0.6406597078048899 0.8575333704479527 0.133388016452026 0.2849332591040945
23 0.7680076113939809 0.8510024418531439 0.14339499902069727 0.2979951162937121
23 0.5781143826200673 0.4523498669435751 0.21467124516475358 0.2840229794495887
23 0.6071406656710476 0.2634293105860406 0.1868320574841935 0.3685443214127567
23 0.7433504133819558 0.4098617660399746 0.11052266464279589 0.2094872753304277
23 0.7824141764799268 0.5675152890811391 0.194825107721677 0.2297936176814443
23 0.9221432533785294 0.8621809261494491 0.1557134932429412 0.27563814770110184
23 0.8934657692919553 0.5128316274354017 0.2055627118934222 0.7397451888927111