24 0.46722314336116 0.7272710982794475 0.93444628672232 0.1555072536769955
24 0.59746367271488 0.831358836102827 0.6924294547519665 0.12499776013424033
24 0.6970710850441525 0.934908787366083 0.48717825890904964 0.09628675288616725
24 0.720525647755343 0.9865593729235749 0.4129671190618169 0.026881254152850323
24 0.5760564407104508 0.6378997607008821 0.7740061785217368 0.12830908611039257
24 0.473269427705369 0.5397710982794475 0.946538855410738 0.15791109983084167
24 0.584774308359598 0.445339928446278 0.7733899966777411 0.11869370149500796
24 0.4923784344918639 0.3422942570768455 0.9818152659794988 0.15959203281025294
24 0.5997024189737904 0.26890937608549736 0.773698087599739 0.12350139380270034
24 0.49699611351052037 0.16717494443329367 0.9939922270210407 0.14684988886658734
24 0.657236996393787 0.08700699490022501 0.6846017344464322 0.1148780956250323