24 0.6573442863359371 0.5252178888264527 0.1555072536769955 0.9495642223470946
24 0.7614320241593167 0.3841928580854862 0.12499776013424033 0.6906343751972623
24 0.8649819754225726 0.2823415963128334 0.09628675288616725 0.4857197567708526
24 0.9511337103824815 0.25692366533868516 0.09588355295768462 0.4113964244514507
24 0.5679729487573716 0.4100597408586337 0.12830908611039257 0.7722671952031172
24 0.4698442863359371 0.5205693372320342 0.15791109983084167 0.955645147469826
24 0.37541311650276754 0.405829572096247 0.11869370149500796 0.7718753983034593
24 0.27236744513333505 0.5004692954073614 0.15959203281025294 0.9796836090082875
24 0.19898256414198695 0.3950245348342658 0.12350139380270034 0.7720712967532882
24 0.09724813248978324 0.5019100098858318 0.14684988886658734 0.9961799802283365
24 0.037259615384615384 0.34180936759277636 0.07451923076923077 0.6830310398360662