24 0.4856690004468466 0.2902319229464338 0.9560656314814102 0.12218419403541371
24 0.3438701566779019 0.2016444886285071 0.6877403133558038 0.10093110594865351
24 0.2419750878032224 0.10918418540167273 0.4839501756064448 0.07937277564384927
24 0.21598062384695077 0.03342299972090792 0.41178875230609846 0.06684599944181584
24 0.3766513347021568 0.39157503965522716 0.7533026694043136 0.10138136114749831
24 0.47751242190092663 0.4777319229464338 0.9550248438018533 0.12458804018925985
24 0.3738638210231719 0.5837568157267713 0.7477276420463438 0.0917659765321137
24 0.47289403337305497 0.6764689514259019 0.9457880667461099 0.12542748176358087
24 0.3680023525499606 0.7605654242706118 0.7360047050999212 0.096573668839806
24 0.48068673888344554 0.8503280767925877 0.9613734777668911 0.11184384641482453
24 0.31859175097249604 0.9472565171079753 0.6371835019449921 0.0910638888609725