24 0.08469940010197627 0.5374611187376664 0.12206971546629729 0.8867294899479923
24 0.17332502790920826 0.6724422279002907 0.0859738296692997 0.6082835039913872
24 0.25789080174801576 0.6225093357862429 0.1050138352511414 0.7415879578698151
24 0.3505953293189252 0.6924195387842792 0.09891644617028342 0.6151609224314416
24 0.432600806356054 0.5723645552232209 0.11427056790273418 0.8552708895535581
24 0.5279152109355794 0.5518780687896501 0.12075714335906823 0.8962438624206998
24 0.6095773032147587 0.5972696608749966 0.10272446766641156 0.8054606782500069
24 0.7027587908573867 0.7099689452680352 0.09832883706825868 0.5800621094639294
24 0.7827000279092082 0.7004908847839002 0.09410875386259111 0.5990182304321997
24 0.8702458193368547 0.7285001303962324 0.08787401087855347 0.5429997392075351
24 0.9494734546264041 0.6185704167042795 0.10105309074719179 0.762859166591441