24 0.46176457152172373 0.05500366167617909 0.8877994452259258 0.11000732335235817
24 0.3257979772346869 0.12851997461453188 0.6112372722396009 0.10131945617173678
24 0.37471722750648195 0.21143836781951794 0.7425171295585469 0.12646483414260348
24 0.30589105814529943 0.30628098514921687 0.6117821162905989 0.11728298770480326
24 0.42546033832361146 0.3845009917937348 0.8509206766472229 0.13943693588324046
24 0.44539776875929527 0.4791143833375914 0.8907955375185905 0.1473255374109119
24 0.39943973925153187 0.5617228432149235 0.7988794785030637 0.1238746595110337
24 0.2862791720797371 0.6584444466876783 0.5725583441594742 0.11620466947781065
24 0.29532410650295654 0.7378949746145319 0.5906482130059131 0.11487914155095726
24 0.2667939616105777 0.8262819816849809 0.5335879232211554 0.10745267640628242
24 0.37619947295687406 0.9050411474429952 0.7523989459137481 0.13047001612857656