24 0.472170642616458 0.05468014467482196 0.8861952376294552 0.10936028934964392
24 0.3494481388136284 0.12058677510299211 0.6101396565157001 0.11549794040512704
24 0.4119898821548936 0.2021829683893882 0.7411240019089804 0.1436815649974345
24 0.34497607313537837 0.29874163242193796 0.6351866778418085 0.13202411020142332
24 0.4808351241689514 0.3739233924450151 0.8688640346587088 0.15963564953318923
24 0.5115973176250582 0.4679741457256419 0.9172771443315142 0.16864952758732016
24 0.48477652002916294 0.5513421672583342 0.8127351066305416 0.14277930515555395
24 0.36960174128375406 0.6509050939603995 0.6183597547648854 0.13055194519016966
24 0.392059789841705 0.7299617751029921 0.6350185845438674 0.1296202640475771
24 0.3692649947214319 0.8190239480893169 0.5938170133326005 0.12123731385541212
24 0.4967105842165433 0.8949417906180208 0.8036240019089804 0.14914960646780473