12 0.4519527323360826 0.24582854873485865 0.13112402671006793 0.33011142331481597
12 0.6405707415658728 0.25402061331072173 0.11860131285804042 0.2858610713330118
12 0.12863542464377492 0.21943638811663554 0.14518347696223596 0.30003876876990393
12 0.2971029805855911 0.5598008256519673 0.09475865029622195 0.3007257519847882
12 0.4629403939185981 0.5709364522316334 0.11376564926797036 0.2830647766941364
12 0.6322322606252395 0.8771208067705771 0.11337405131468395 0.24575838645884573
12 0.8067208913969177 0.8835471507129325 0.147447466704194 0.23290569857413493
12 0.13611774267978488 0.8617664581598873 0.10890201439552281 0.27646708368022554
24 0.2968207415658729 0.22596054663112397 0.13059257234489344 0.28443834639173904
24 0.8365681169514672 0.2772244275372058 0.15222718772950883 0.28620436457437104
24 0.8125321816089477 0.5850640025944409 0.12340900516573274 0.28625351981804126
24 0.6419570041741925 0.5795455429143609 0.15946669747342476 0.2891968834557612
24 0.30052946267684794 0.8542719794981212 0.14001215798363478 0.2683963202848746
24 0.46647876113936537 0.8705105273966246 0.1352044656759424 0.2589789452067509
24 0.13231364827643027 0.5355421573474047 0.14504362055034792 0.2880195380006732