12 0.6104089645902075 0.8132957571207934 0.15163013789489563 0.32490284738200426
12 0.4222534992217292 0.8128182814265477 0.1363321608749966 0.28114387048820133
12 0.9265427898260411 0.8264699278717866 0.14691442034791782 0.29414259350657634
12 0.7442900612945594 0.4928373290420699 0.11356876732290616 0.29699130131597984
12 0.5786068292486564 0.48848267867681916 0.1313423159978227 0.2785441258845263
12 0.39042775487177883 0.18725302831156837 0.12879218002508053 0.24489027973068003
12 0.21478276444682082 0.16212286335142473 0.16758216087499653 0.282417210412089
12 0.8850004599461939 0.18344108171794046 0.12617031855116723 0.27354053512700494
24 0.7660034992217292 0.8268250205893136 0.14576539292089963 0.27913182123401287
24 0.22579357997482288 0.7976238811344815 0.17220770061320725 0.28020926270807184
24 0.22994012928093047 0.48865414337484386 0.1411398531826889 0.2813397689380302
24 0.3999756722108219 0.4871950768053082 0.17719754549038122 0.28280900731174685
24 0.7219763715330665 0.19836617519591615 0.15410570954991315 0.26269669505674753
24 0.555564529209237 0.18439614021528072 0.151701863396067 0.26259874583183307
24 0.9097732093956881 0.5103641586410175 0.16037062241345815 0.2821233627373456