12 0.17385820481585457 0.533409260131993 0.32772190243348415 0.15109782425445098
12 0.17873923504273412 0.3452960097826139 0.28383648982025755 0.13795040327380248
12 0.15313909031149503 0.8567265678243007 0.29755022066047687 0.1653738321786834
12 0.49061428131300044 0.6653766093038441 0.299122958287191 0.11528551143294354
12 0.49883957196808215 0.49970744893097413 0.28112455274441356 0.13294648672359535
12 0.803939862623164 0.30980459460754245 0.24747070659056739 0.13019934732839003
12 0.8331370046994344 0.13405406663483624 0.28568503535224493 0.16679655711995625
12 0.7961679364653412 0.8042365829516265 0.2760087695147232 0.12774634593087397
24 0.15671073411988345 0.6890460097826139 0.2822028709714062 0.14977340980051843
24 0.19850547857568746 0.14879387551660836 0.2835892801203968 0.17140802518513387
24 0.5068301096203534 0.1511251790014467 0.28414458074225546 0.14275809558149472
24 0.5043063434278889 0.3211114710757223 0.2864552626572398 0.17881578788918695
24 0.7850854351591543 0.641339139595797 0.26583808427747996 0.15561137856445428
24 0.8029261104296206 0.47488508225286835 0.26552999335548194 0.150803686256762
24 0.4692448595422643 0.8309230799336216 0.2853769444302472 0.16198886481226402