24 0.8859765019600059 0.14641837332642443 0.12551827001981872 0.29283674665284887
24 0.7373563696991519 0.16748364545261848 0.12929340532246714 0.33496729090523697
24 0.5787331460666975 0.257621741006686 0.17951703106062367 0.515243482013372
24 0.41033534355116047 0.18253316697903393 0.1280649498675944 0.36506633395806787
24 0.25587905212101236 0.22835930295464574 0.15685803895784878 0.4335656704296534
24 0.08434378002341912 0.291755107926499 0.16868756004683824 0.5588595181043967
24 0.8744083216159199 0.6267305791186204 0.17342781854215927 0.6046305442523879
24 0.7004845681796008 0.8018072810194052 0.13077082398306808 0.2645128458611071
24 0.7231537320865568 0.5105011248919056 0.10947494074221108 0.33084104591965485
24 0.5586535549592356 0.7487900037450413 0.12585700216357695 0.3795056643460645
24 0.39226780169788683 0.6799742702553562 0.16146165252882783 0.5465464396604225
24 0.22309458566991852 0.7384644336946026 0.1396393189812679 0.4232646412398677
24 0.06647932114821044 0.783243697163123 0.1328726421752866 0.37499181971311574