24 0.8269230769230769 0.9457406247212846 0.3076923076923077 0.10851875055743075
24 0.8076923076923077 0.8111236531772368 0.34134615384615385 0.14565230397554474
24 0.7199519230769231 0.6489133914023745 0.5120192307692307 0.20044960980947096
24 0.8052884615384616 0.48400435201164516 0.3701923076923077 0.14319930257802843
24 0.7608173076923077 0.327729972755893 0.42788461538461536 0.17435099209068808
24 0.7043269230769231 0.15364754921064439 0.5528846153846154 0.19176619116298943
24 0.33653846153846156 0.9144303708631943 0.5961538461538461 0.17113925827361134
24 0.16826923076923078 0.7481106969760268 0.25961538461538464 0.1413845258838922
24 0.45913461538461536 0.7826711380126097 0.3269230769230769 0.1228403431358413
24 0.22716346153846154 0.6086874216868671 0.375 0.1411879049092115
24 0.30288461538461536 0.44539733147992533 0.5408653846153846 0.1835735314888776
24 0.2512019230769231 0.2741112025735522 0.4182692307692308 0.15433532588986026
24 0.2127403846153846 0.11592353777024057 0.3701923076923077 0.1456031487318745