24 0.8356550557149797 0.15513393848479395 0.31691484709049705 0.1309018053753795
24 0.8265548093277169 0.3018504121872943 0.34689038134456635 0.13526576485754235
24 0.7454615705190373 0.4517881936472597 0.5090768589619253 0.1884755703632367
24 0.8315336523408815 0.6286334810154914 0.336932695318237 0.13454201584225345
24 0.8005655015276532 0.7786875620294466 0.39886899694469374 0.1643445178116756
24 0.7478400455867169 0.9277251435212224 0.5043199088265661 0.14454971295755514
24 0.344583655481563 0.1181588255908598 0.6083197491897558 0.18376046906864396
24 0.1899520095671018 0.27542556664158374 0.2694265967411181 0.13531318193932257
24 0.47993438509117037 0.28154923842972795 0.3347720466236637 0.11519494705749458
24 0.26061969488721276 0.42308653419690734 0.3840263151556748 0.13241818587816676
24 0.35017465783065077 0.5969679430317737 0.5522463906812354 0.1709248982710247
24 0.312129550377728 0.7610250766841665 0.42808044289496416 0.14455371620138718
24 0.2863244755583858 0.9138330240891671 0.3798072955755265 0.13934970814994577