24 0.30390883342743447 0.2597087878722001 0.08707211108763041 0.480500057505949
24 0.3791261630705477 0.24926089345885494 0.09562718075727698 0.4985217869177099
24 0.4670344890869459 0.2410669051506647 0.09623965196697895 0.4715570460823289
24 0.5431178590049552 0.23393033671347188 0.09758318317508706 0.46786067342694376
24 0.63239604949929 0.23339255015334823 0.10697464592245363 0.46678510030669645
24 0.27897817649320067 0.7341404533358982 0.08018982757342379 0.3841781180541615
24 0.21798964910232232 0.7709628021592908 0.07884629636531568 0.35533196420800794
24 0.14648673569663967 0.7373759693380451 0.08018982757342379 0.3841781180541615
24 0.09008197874543561 0.7690544392578631 0.06961946109161499 0.3115584535449537
24 0.3428480409711373 0.7332917501712276 0.0758299790017675 0.3934573160736639
24 0.3991704841855084 0.7257357884388417 0.06448251383659084 0.4070399265070354
24 0.06431125850822972 0.3451958263488697 0.07230652350783127 0.3692507612372614
24 0.11671838295963302 0.3053560348375019 0.07057444295803918 0.3835057448623972
24 0.18075618883858313 0.3081131009036004 0.07124620856209322 0.397928821785474
24 0.24325618883858313 0.30374267515713105 0.08337740026533301 0.40117313442902586
24 0.7880634036357163 0.7130117977444261 0.07443378125400238 0.41492383816033834
24 0.5063918931695087 0.6977388977237986 0.06755812559449098 0.4216310967280533