24 0.2800480769230769 0.7140228727503302 0.47596153846153844 0.07080793955718051
24 0.2692307692307692 0.6381129020960586 0.5048076923076923 0.08092683566087927
24 0.27283653846153844 0.5504354564167132 0.46634615384615385 0.08265933316363999
24 0.2548076923076923 0.4731976848134401 0.4951923076923077 0.08316284465195387
24 0.2620192307692308 0.38438125499321085 0.49038461538461536 0.09029046453210668
24 0.7512019230769231 0.769121893726125 0.3798076923076923 0.06912956792946709
24 0.7836538461538461 0.8321883441504782 0.35096153846153844 0.06862605644115323
24 0.7451923076923077 0.9012285339609314 0.3798076923076923 0.06912956792946737
24 0.7728365384615384 0.9594033734962065 0.3076923076923077 0.06065925074714384
24 0.7548076923076923 0.7054829095852413 0.3894230769230769 0.06448971278454635
24 0.7512019230769231 0.6489295860338173 0.40384615384615385 0.05031839160562649
24 0.3485576923076923 0.9580071740735374 0.36538461538461536 0.061666273723771835
24 0.3125 0.9032912462516065 0.3798076923076923 0.059514183314082474
24 0.31971153846153844 0.8397152010467619 0.3942307692307692 0.05976593905823954
24 0.31971153846153844 0.7772152010467619 0.3942307692307692 0.07178516982747031
24 0.765625 0.2609601879318204 0.40865384615384615 0.06242154095624276
24 0.7307692307692307 0.5403998551398513 0.4182692307692308 0.05537783965747559