24 0.7571160934819644 0.7300830768207585 0.47923702466672846 0.0763490663250628
24 0.754835736961341 0.6546766744819924 0.4903285260773181 0.08680378829348165
24 0.7557609757145441 0.5668313726974785 0.47025154124464963 0.0880885179766156
24 0.7601048033429157 0.49043288162004794 0.47979039331416856 0.08892785532964968
24 0.7552758375948424 0.4012807395894817 0.48944832481031525 0.09599950423234915
24 0.2884188619820107 0.7632489000545346 0.38308317851288237 0.07355127514828243
24 0.25924242511027773 0.8248046455323712 0.3542370246667286 0.07271193779524819
24 0.3013573904929897 0.8956353004646219 0.3830831785128824 0.07355127514828243
24 0.2767366854516267 0.9525232431936052 0.31058985318151433 0.06424139330415866
24 0.28147461642672084 0.6994420598084823 0.3924466026509447 0.0690233619582681
24 0.28211985004895285 0.6430565923622269 0.40611379814205467 0.055019953711708286
24 0.7013304822021258 0.9689590390703253 0.3682821608738219 0.06208192185934946
24 0.7345536191399421 0.9178407453755182 0.38257925755823763 0.0639358905328978
24 0.7240036043538829 0.8539289879603366 0.39700233448131483 0.06435555920941492
24 0.7207281181486928 0.7914289879603366 0.39763223567462036 0.07637478997864569
24 0.24735096458209915 0.25441576983955605 0.41155139164305277 0.06717907403977819
24 0.2968834316168932 0.5354780460642158 0.4207888355424539 0.06024731469591771