24 0.12343935292752128 0.5095742697571323 0.14375014251916182 0.35244401642755163
24 0.19492918877276585 0.7806922584830759 0.22815471845675697 0.2044684636194391
24 0.22099271075648008 0.5407411979753134 0.07627119488310842 0.29640033026489476
24 0.3470069870172564 0.6671397620941938 0.10232495323373204 0.33994927385790147
24 0.27339652128053576 0.45365813849580255 0.10451150537425545 0.4384789948832163
24 0.38337736463554256 0.3131878226141935 0.12619215944383255 0.28496849642559374
24 0.41979082330934747 0.6307472564632843 0.10070483361794903 0.35674822565244707
24 0.5224581090508496 0.6427533436566402 0.0941650607604647 0.371087388728391
24 0.5341018680388345 0.45428917647992684 0.1337528364167884 0.4988828328355238
24 0.6363345657536909 0.663298763159157 0.10634891900336149 0.3231782933457336
24 0.6887547677655322 0.3960251416295063 0.11557575427706204 0.36653143796209725
24 0.715190625752097 0.731487550861744 0.09695745625599492 0.32787410052391547
24 0.7829691811383063 0.6650050113841911 0.0984656149377689 0.308671302575524
24 0.8677855039090184 0.8353712462664284 0.20551245466606033 0.18258210669342526
24 0.8970331065083421 0.48856091704202254 0.20593378698331577 0.5117691733584604