24 0.5598026757323885 0.8572321353580493 0.36061562464406194 0.15810900210284837
24 0.28490724547239754 0.821997699412536 0.21849896074590022 0.2364159801350425
24 0.5224684960300485 0.7637071552957274 0.30040904372959787 0.0883680423405977
24 0.3883608675559697 0.6544509305441601 0.3454998001936445 0.11619207105085394
24 0.605928295262616 0.6995404816930922 0.44387533993185524 0.12241090567720701
24 0.7389208187196827 0.5705456952795598 0.2922150169194801 0.13779726513475737
24 0.41997375328665626 0.5766719058214395 0.36214457070108586 0.11526038990826151
24 0.4014149613913816 0.47545483607592665 0.37602118991571815 0.10931070717065462
24 0.5885685876277112 0.43851286471346257 0.5059751720423062 0.15411094555256313
24 0.3736230213949784 0.36415654114373286 0.32903718225568446 0.11952759834729279
24 0.636733748172822 0.2758032094534912 0.3728528707333598 0.1305247039806261
24 0.3005775231486164 0.2943240473425931 0.3331162642854505 0.11033283230655208
24 0.36251171465660226 0.21752192575911747 0.3140676476241628 0.11105420416182277
24 0.187211678587038 0.1554256535922368 0.19522497223595073 0.21288858116452955
24 0.5310154727129165 0.09650091147670967 0.5236411324654658 0.19300182295341933