24 0.8676597696141055 0.5661034866825704 0.14989448345969364 0.3591259478944832
24 0.7914354244824923 0.8327620651957883 0.23168981872391223 0.2159412138739819
24 0.7695803551977725 0.5899897451656891 0.08144759170287148 0.2996782589090498
24 0.6413776835335191 0.7072874721157413 0.10825887153931427 0.3444879442882702
24 0.7187126299088497 0.49862929221682906 0.11217088928642537 0.4428915911349635
24 0.6112147736462497 0.3493311642814566 0.13115813362864598 0.29089398282079704
24 0.569246157409772 0.6652524474401583 0.10693334361246087 0.3611608219041943
24 0.46638949129681523 0.6695228230400105 0.10064607791691617 0.3751217624442742
24 0.4580493676775409 0.47951151354459615 0.1424643335037068 0.5046822450521058
24 0.3521763583780544 0.6815134556038287 0.11198824562001383 0.32796911213334484
24 0.3044485811255918 0.4093253820030108 0.12197260237953354 0.3717004792855725
24 0.27214193162392974 0.7439687158900539 0.10268095192662721 0.33216062259704143
24 0.20554174299343897 0.6721166824828924 0.10385243439248168 0.31308389882727117
24 0.11775846106993568 0.8366583815770796 0.2086687941903063 0.19292018934037605
24 0.10097145162137576 0.48629872585683087 0.20194290324275152 0.5190730389584579