24 0.9311201406912353 0.5579866854516268 0.11171858212948503 0.8699199039764169
24 0.8394242629479839 0.5652186671517335 0.1057917733510805 0.8312064050375562
24 0.7467712688557777 0.5639741971940482 0.10182341839642216 0.8598005984063879
24 0.660827337942382 0.5390062162945543 0.10712072416005114 0.8768794819606333
24 0.567077337942382 0.5340929869867691 0.11022401810809239 0.9010439237377559
24 0.4809935174701473 0.5139326983949675 0.1080300062925048 0.9081294819606331
24 0.3912468448145152 0.5369156603337355 0.09750533954466653 0.8763755610059885
24 0.30155725511151127 0.5165664013839422 0.11454209695984816 0.8844689611381551
24 0.2134671465990291 0.5239873534420406 0.11241802992367998 0.8939583655148785
24 0.12452483890672142 0.5193260846115778 0.10663111070411456 0.86005255888371
24 0.04259370008328626 0.5266840465503458 0.08518740016657252 0.8765015412446496