24 0.952864815677018 0.5084134615384616 0.09427036864596407 0.8653846153846154
24 0.8757733148862858 0.5204326923076923 0.11542530260133951 0.8269230769230769
24 0.7833721618005806 0.5240384615384616 0.11179300099262061 0.8557692307692307
24 0.6960011318503461 0.5036057692307693 0.11728633787471392 0.8725961538461539
24 0.6022511318503463 0.5036057692307693 0.11826583012385847 0.8966346153846154
24 0.5150760003499408 0.4879807692307692 0.11855967779860176 0.9038461538461539
24 0.42726010874414916 0.515625 0.10767095325932931 0.8725961538461539
24 0.33647920801297454 0.5 0.12238787785714965 0.8798076923076923
24 0.24922856952216213 0.5120192307692307 0.1227796747568075 0.8894230769230769
24 0.16028626182985442 0.5120192307692307 0.11660069330031292 0.8557692307692307
24 0.071833700262119 0.5240384615384616 0.11007479941317556 0.8725961538461539