24 0.5632635745525383 0.9518361166956026 0.8719421078859522 0.09632776660879472
24 0.5443225461430077 0.8629381861855274 0.8331162642854506 0.09616476522910297
24 0.5337039029871978 0.7703271703264113 0.8615981129926412 0.09186058440972453
24 0.5475791027935535 0.6841453627588389 0.8787893412085274 0.09696199175226693
24 0.540475152583772 0.5903953627588389 0.902827802746989 0.09738158465919501
24 0.5472614947390858 0.5041296366098806 0.9054770105218284 0.09750746253127354
24 0.5151587842423863 0.41470479707460545 0.8780607309306011 0.08734660713688204
24 0.5239530628868272 0.324833301694878 0.8863651848090289 0.10189556193203764
24 0.5052852633315189 0.23688312062602923 0.8959805694244137 0.10206339909480892
24 0.49854561826070065 0.14794081293372155 0.8619624181316043 0.09666827671741697
24 0.47978674242065156 0.058788708787949714 0.8782428835000826 0.08975045329072834