23 0.7226696341514528 0.21170772776614638 0.12075171440489968 0.10596505827957962
23 0.4599231746558526 0.3153192853320474 0.14476220560773137 0.10311960839703402
23 0.5851189670052597 0.291869099788964 0.07725872095063206 0.06397148345277713
23 0.6146216223835596 0.3880719028203974 0.07233914730042133 0.044348265736978476
23 0.6472973081455193 0.35225939163280695 0.08923599621641834 0.057741066203812114
23 0.7483847131173911 0.3388661944338077 0.0964894901814013 0.06554127739289448
23 0.7991941337918079 0.2864965189112312 0.08924998138423326 0.0601449123576582
23 0.891938003064292 0.26039730609419987 0.1012971824890936 0.06593372587792382
23 0.8321425303261564 0.20380900772364077 0.12553143637696215 0.10154981445691667
23 0.5826599815353037 0.09445937880980743 0.08209438359395395 0.06917162424549879
23 0.497281487570321 0.0947049566620751 0.13014333633524744 0.06828841678809987
23 0.36827714105682996 0.15271657507215566 0.1062587116427487 0.09276848205526086
23 0.13385858284308677 0.5544540125925669 0.2076677754743606 0.17793297716395393
23 0.3701137865590275 0.45709744989746615 0.12073772923708476 0.10356121212573353
23 0.2287771457107717 0.15455672285245867 0.17386009247455173 0.14874353007644084
23 0.0739877943922685 0.26209256690257016 0.147975588784537 0.1588005184205249
23 0.6486872296327928 0.5267344620291678 0.08215032426521308 0.07878700886088333
23 0.31122574701855465 0.6579169142309602 0.12073772923708476 0.10356121212573353
23 0.22554657194555366 0.7098451843909201 0.13039506935591375 0.1115576475573307
23 0.2986672859333048 0.9422951059476504 0.2266887671879079 0.1154097881046991
23 0.46317071939704557 0.7905694613229494 0.17836011109031838 0.09625136317685473
23 0.8314968085412274 0.9348725748566437 0.1735244484469965 0.09105122238413307