23 0.7146671782828271 0.20747215418318496 0.12579263148749822 0.10526147462792487
23 0.44536752657984835 0.31261752410969323 0.14955107683620042 0.10227530801504842
23 0.5723276399081652 0.28843561156888897 0.0802832712001914 0.06352118991571815
23 0.596915401130931 0.38446251868740866 0.07435551413346093 0.04392611554598575
23 0.6316074537259304 0.3484600399138715 0.09188247768478283 0.05722041430158761
23 0.7338290650413869 0.33447583244748225 0.09951404043096036 0.0649784104715707
23 0.7876000245018305 0.28181065179121073 0.0920224857796627 0.059624260455433634
23 0.8821082147532243 0.2551696795624052 0.10432173273865267 0.06534271561053387
23 0.8250222349469853 0.19893317301767352 0.1303203076054313 0.10081808745919574
23 0.5802025344575369 0.09104699809928202 0.08537097969764318 0.06869318736237356
23 0.49444597171135907 0.09179212034422456 0.13316788658480677 0.06752854644431275
23 0.36184997177651645 0.15055657326157565 0.11066951409002261 0.09214932844180473
23 0.10671652856013004 0.5536519272296806 0.2134330571202601 0.17672281328310782
23 0.3477447170049951 0.45491634057733654 0.12565262339261862 0.10285762847407873
23 0.22165685033160082 0.15321287807779813 0.18091737639019012 0.14773036961805808
23 0.0691989231637996 0.26165634503854424 0.1383978463275992 0.15792807469247305
23 0.6238607130009933 0.5229210386371992 0.08593101207716212 0.07830857197775824
23 0.27808171720046726 0.6560735250636248 0.12565262339261862 0.10285762847407873
23 0.18931498041437445 0.7085013396162597 0.13568803229264256 0.11079777721354353
23 0.24983340169562845 0.9417357569445849 0.23324195939528636 0.11652848611083017
23 0.4237255432257096 0.7878325209180126 0.1826448906105275 0.095210059372406
23 0.7860655433343052 0.9299756326411266 0.17755718211307572 0.09003806192575052