23 0.2764423076923077 0.16390839163439233 0.1201923076923077 0.10105130739956857
23 0.5384615384615384 0.2995848571500673 0.14423076923076922 0.09722310734102074
23 0.41346153846153844 0.26083765130066977 0.07692307692307693 0.06082668288957006
23 0.38341346153846156 0.35336328598923916 0.07211538461538461 0.041400015208971845
23 0.35096153846153844 0.3135794329913556 0.0889423076923077 0.05410489055260388
23 0.25 0.2878309501603334 0.09615384615384616 0.06161027668888563
23 0.19951923076923078 0.22928363182174538 0.0889423076923077 0.056508736706449965
23 0.10697115384615384 0.19185874050869295 0.10096153846153846 0.06180617513871455
23 0.16706730769230768 0.14262477882386188 0.125 0.09643951354170519
23 0.4170673076923077 0.06386919052265681 0.08173076923076923 0.06583027364709125
23 0.5024038461538461 0.07455792646865819 0.12980769230769232 0.06298156583768792
23 0.6310096153846154 0.14830782538619658 0.10576923076923077 0.08844438128085114
23 0.8629807692307693 0.5784330025135177 0.20673076923076922 0.16948132565033502
23 0.6274038461538461 0.4522474400103633 0.1201923076923077 0.09864746124572249
23 0.7704326923076923 0.1672100342773884 0.17307692307692307 0.14166772880922493
23 0.9254807692307693 0.293720066976678 0.14903846153846154 0.15270746732931115
23 0.3485576923076923 0.48776032992028734 0.08173076923076923 0.07544565826247585
23 0.6850961538461539 0.6601270675621562 0.1201923076923077 0.09864746124572249
23 0.7704326923076923 0.7224984958158499 0.12980769230769232 0.10625079660691866
23 0.6959134615384616 0.9463715358285693 0.22596153846153846 0.10725692834286157
23 0.5324519230769231 0.7740995994723965 0.1778846153846154 0.08897901187443853
23 0.16346153846153846 0.873247085755721 0.17307692307692307 0.08397542111691737