24 0.08292163787375562 0.5660519751048908 0.1117945475196658 0.7739667360372902
24 0.1719571098049251 0.5369160804374983 0.1257840862651583 0.8802824245149657
24 0.2612075084192307 0.5484634178160088 0.11037585535395053 0.8264870462829423
24 0.35064239310560386 0.581554294294394 0.12418275043303158 0.8179645770844473
24 0.4487988302524364 0.6189573606813521 0.11117836567566997 0.7620852786372958
24 0.5356919648323267 0.6107722995588809 0.11721842167135389 0.7784554008822382
24 0.6338949840985902 0.6300858890908828 0.11490773975636952 0.7398282218182343
24 0.7175836046085712 0.591479480218725 0.11037585535395067 0.81704103956255
24 0.811116835519779 0.6429717639734277 0.10483021875798816 0.7140564720531446
24 0.8960073791066828 0.6024258560587741 0.11037585535395067 0.7951482878824518
24 0.9611604974373171 0.5570722558364282 0.07767900512536567 0.8858554883271436