24 0.09279147274843272 0.5603167617868242 0.12529175760469433 0.7721417535150035
24 0.18119426295686653 0.5200045539867896 0.1411371627368783 0.8782468670862613
24 0.2705290191342036 0.5206696917361484 0.12480099863232479 0.8248024470316009
24 0.36042787041724955 0.5430254253371273 0.138439178585343 0.8158588280202703
24 0.45913263172378643 0.5697969879767667 0.12450686063463565 0.7625263688996189
24 0.5457937830053403 0.552489260039284 0.13088434688244524 0.7819810599984062
24 0.6442287855699402 0.5611759960580728 0.12794098324472522 0.7459233676907139
24 0.7271370986218805 0.5126742485875947 0.12480099863232479 0.8248024470316009
24 0.8215982627264338 0.561360328946872 0.11773692590179671 0.7382639854931393
24 0.9057084988552971 0.5128026010093893 0.12480099863232479 0.824802447031601
24 0.9615506511663376 0.45635189444769964 0.07689869766732471 0.9127037888953993