24 0.5608630889300744 0.05014752926866238 0.7714133173240035 0.06697525370073487
24 0.5216155186399628 0.14128390559759427 0.8774343805655304 0.0748021395461244
24 0.5233172771226678 0.23025418362553157 0.8241300443937547 0.0624752350849681
24 0.5466956230687045 0.3181484050868789 0.8150183247229627 0.07684237133678587
24 0.574587856771421 0.41448405842231745 0.7617979327086188 0.0669193130294757
24 0.558302741178996 0.5021475246147207 0.7811965902542523 0.07183888667968628
24 0.5681241566491504 0.5995802122684714 0.74513889794656 0.07162910916246436
24 0.5206310131354415 0.6858599482023592 0.8241300443937547 0.0624752350849681
24 0.5703677226163536 0.7763118526635154 0.7375915828552931 0.06197176904363525
24 0.5228326070239286 0.8637935116743262 0.8241300443937547 0.0624752350849681
24 0.4666741694994619 0.9572358379824008 0.9134920728732226 0.07501191706334637