24 0.4528677493985386 0.871325832295563 0.09515799333093297 0.2130489960034034
24 0.34352138040263375 0.4606816496026217 0.12439594407674466 0.22316789210710214
24 0.5239852896737134 0.7570233454079697 0.08789339011349516 0.2705734665329398
24 0.18284321456427277 0.6499168768741967 0.07813517180418103 0.20794758866086127
24 0.36849644123852143 0.7489124119653496 0.13475003802242974 0.1825123039451816
24 0.21836826779567445 0.9018801504757682 0.1310728519446958 0.15122034465448855
24 0.5963332769210575 0.938582752251571 0.18661027668888563 0.09934275224650116
24 0.8907677265850806 0.7554322458850053 0.12411027668888562 0.09825181068848766
24 0.6987947833865534 0.17663862700273422 0.14363489359439813 0.10579902347556883
24 0.4062560816607389 0.2587226966810293 0.13112591670059523 0.09356999625287389
24 0.5323885794079939 0.5499988611423506 0.17640719672401445 0.08475183816065296
24 0.6361334904927098 0.7346185664377144 0.13161566282516737 0.10558922702210466
24 0.15628670418213073 0.17528313936165987 0.14402669049405598 0.11541440809095338