24 0.5808137481277043 0.1417506889465116 0.09023087911943069 0.21456045120601663
24 0.6661658066969609 0.5572421543922623 0.11924487012835581 0.22518316571058633
24 0.5031205076189875 0.2520872172181701 0.08162251748067394 0.271916982268596
24 0.837686882494886 0.37682016848943134 0.07332003746112183 0.2091651497962996
24 0.6579797677339466 0.26831892306484734 0.1305507929558084 0.18473750188236207
24 0.8168522234022485 0.12353490868254834 0.12760147602295563 0.15340355772493
24 0.4414055675577965 0.06712841727519611 0.18437067932002085 0.10253360211868467
24 0.13661788773883465 0.2344780409020847 0.12187067932002091 0.10035105402545043
24 0.2947329701604004 0.8220849011531001 0.14122732642286862 0.10823414574644538
24 0.591748744385648 0.7554869555941697 0.12899829920017367 0.09579519419005432
24 0.48268508554248096 0.4582303773469147 0.1745035389604793 0.0877747485658795
24 0.3897830844173292 0.2685745341265544 0.12920809565363783 0.10781442495928516
24 0.8366114610445904 0.8518316163463431 0.1413951635856399 0.11784953036183