24 0.11896780415336358 0.4071579834453169 0.2120419275797942 0.1038061948797525
24 0.5317658484988487 0.2809574489309741 0.22182513420895644 0.13343724569596505
24 0.23150804059796673 0.47365659789328124 0.26967829460084264 0.09890019208471984
24 0.34644673332280745 0.12789559695663022 0.20713633909739831 0.08658682331780004
24 0.2432273916143288 0.3177255118788883 0.18102967543264575 0.14212066434244633
24 0.09389604290690594 0.17373952703605516 0.14976569026483097 0.13716590303590953
24 0.04852324641427243 0.5534734864782423 0.09704649282854486 0.19054127739289448
24 0.22456761019851795 0.840635584839849 0.09685310454458601 0.12804127739289448
24 0.8072773411763229 0.6248800873820681 0.10417652434864302 0.1478607193512076
24 0.732074439894466 0.3354861862194607 0.0920873677403382 0.13486036736940357
24 0.4381409136540324 0.4736082361139427 0.08273770131343465 0.1797485473224218
24 0.25128343001836356 0.5849694610626758 0.10410659850956883 0.1358414885819771
24 0.8212483042108671 0.08192977059844447 0.11379190896402737 0.14864561632126644