42 0.85546875 0.7453125 0.2890625 0.509375
42 0.50625 0.74375 0.35625 0.4828125
42 0.15390625 0.74765625 0.3078125 0.4953125
42 0.89375 0.334375 0.2125 0.3125
42 0.64453125 0.334375 0.253125 0.3125
42 0.36796875 0.3375 0.2796875 0.3078125
42 0.10546875 0.3296875 0.2109375 0.284375
42 0.9484375 0.0875 0.1 0.175
42 0.8109375 0.08984375 0.165625 0.1796875
42 0.6453125 0.09375 0.153125 0.1875
42 0.48671875 0.09765625 0.1421875 0.1953125
42 0.3265625 0.09765625 0.1546875 0.1953125
42 0.1875 0.09375 0.134375 0.1875
42 0.05859375 0.0890625 0.1140625 0.178125