42 0.90703125 0.91328125 0.1859375 0.1734375
42 0.5984375 0.91328125 0.259375 0.1734375
42 0.26171875 0.92421875 0.3265625 0.1515625
42 0.03984375 0.91328125 0.075 0.1734375
42 0.92890625 0.68984375 0.1421875 0.184375
42 0.7046875 0.6875 0.2078125 0.1921875
42 0.44375 0.6765625 0.2 0.2140625
42 0.19375 0.68359375 0.2125 0.2171875
42 0.02734375 0.6890625 0.0546875 0.184375
42 0.91796875 0.42421875 0.1640625 0.1953125
42 0.703125 0.4265625 0.2453125 0.240625
42 0.4640625 0.428125 0.2265625 0.2015625
42 0.20078125 0.42578125 0.2453125 0.21875
42 0.021875 0.41796875 0.04375 0.228125
42 0.0171875 0.125 0.034375 0.25
42 0.1765625 0.1421875 0.209375 0.259375
42 0.421875 0.1359375 0.2234375 0.2640625
42 0.68046875 0.13125 0.271875 0.23125
42 0.91796875 0.13125 0.1640625 0.240625