42 0.88671875 0.1296875 0.2265625 0.240625
42 0.6296875 0.12890625 0.2453125 0.2265625
42 0.3609375 0.12890625 0.2640625 0.228125
42 0.11796875 0.12265625 0.2359375 0.2265625
42 0.884375 0.38671875 0.23125 0.2171875
42 0.62109375 0.3890625 0.2765625 0.2453125
42 0.359375 0.3859375 0.253125 0.2265625
42 0.11796875 0.37265625 0.2359375 0.2171875
42 0.87265625 0.640625 0.2234375 0.2265625
42 0.61171875 0.640625 0.25 0.240625
42 0.3484375 0.65 0.2796875 0.259375
42 0.10546875 0.66015625 0.2109375 0.2640625
42 0.86484375 0.90390625 0.2703125 0.1921875
42 0.62734375 0.90859375 0.29375 0.1828125
42 0.334375 0.9078125 0.315625 0.1765625