42 0.921875 0.10546875 0.15625 0.2109375
42 0.6140625 0.11171875 0.2734375 0.2015625
42 0.27421875 0.09609375 0.3390625 0.1859375
42 0.04453125 0.10546875 0.0890625 0.2109375
42 0.94453125 0.35 0.1109375 0.1875
42 0.73046875 0.353125 0.2125 0.1953125
42 0.4640625 0.36328125 0.2046875 0.21875
42 0.2078125 0.35703125 0.2171875 0.2203125
42 0.03359375 0.35 0.0671875 0.1875
42 0.93359375 0.62109375 0.1328125 0.2
42 0.73046875 0.61875 0.253125 0.2484375
42 0.4859375 0.61875 0.228125 0.2046875
42 0.21640625 0.6203125 0.25 0.2234375
42 0.02734375 0.62734375 0.0546875 0.2328125
42 0.02265625 0.9 0.0453125 0.2
42 0.19453125 0.88828125 0.2125 0.2234375
42 0.45078125 0.88828125 0.2328125 0.2234375
42 0.71640625 0.9 0.2796875 0.2
42 0.93359375 0.9 0.1328125 0.2