42 0.2203125 0.34375 0.440625 0.4359375
42 0.7390625 0.34375 0.5203125 0.4140625
42 0.08515625 0.91953125 0.1703125 0.1609375
42 0.09375 0.7703125 0.1875 0.178125
42 0.10078125 0.6390625 0.2015625 0.196875
42 0.3171875 0.6421875 0.2625 0.1953125
42 0.31875 0.80625 0.2765625 0.184375
42 0.6109375 0.91484375 0.29375 0.1703125
42 0.5984375 0.76953125 0.2953125 0.1828125
42 0.60234375 0.63828125 0.2578125 0.2015625
42 0.853125 0.64453125 0.2828125 0.2046875
42 0.86640625 0.8140625 0.2640625 0.209375