42 0.853125 0.2703125 0.29375 0.5046875
42 0.50625 0.27421875 0.3484375 0.4765625
42 0.15625 0.271875 0.3125 0.4859375
42 0.89140625 0.675 0.2171875 0.30625
42 0.6421875 0.6765625 0.246875 0.3078125
42 0.3703125 0.671875 0.275 0.303125
42 0.1078125 0.6796875 0.215625 0.278125
42 0.94609375 0.9171875 0.1078125 0.165625
42 0.80625 0.91484375 0.1640625 0.1703125
42 0.64375 0.91171875 0.153125 0.1765625
42 0.48828125 0.90703125 0.1390625 0.1859375
42 0.3296875 0.90703125 0.15 0.1859375
42 0.1953125 0.909375 0.13125 0.18125
42 0.0609375 0.91484375 0.121875 0.1703125