42 0.74140625 0.30078125 0.46875 0.396875
42 0.23671875 0.303125 0.471875 0.375
42 0.85703125 0.83671875 0.215625 0.1734375
42 0.85546875 0.68984375 0.2359375 0.1609375
42 0.8484375 0.56875 0.253125 0.178125
42 0.6203125 0.5734375 0.2390625 0.178125
42 0.61875 0.7234375 0.253125 0.16875
42 0.35234375 0.8328125 0.2640625 0.1859375
42 0.3640625 0.6890625 0.2703125 0.1640625
42 0.36171875 0.57109375 0.2328125 0.1828125
42 0.13203125 0.5765625 0.25625 0.184375
42 0.1203125 0.7296875 0.240625 0.190625