43 0.2796875 0.15859375 0.125 0.103125
43 0.27265625 0.321875 0.1203125 0.21640625
43 0.54375 0.3234375 0.1078125 0.21328125
43 0.5390625 0.171875 0.1171875 0.0765625
43 0.7875 0.25703125 0.1203125 0.1
43 0.79375 0.40703125 0.12265625 0.2
43 0.22109375 0.5984375 0.1375 0.18359375
43 0.20234375 0.81484375 0.16015625 0.2296875
43 0.4828125 0.6796875 0.075 0.2734375
43 0.57890625 0.68515625 0.07265625 0.25703125
43 0.79609375 0.646875 0.12734375 0.13359375
43 0.8078125 0.81640625 0.13515625 0.21328125