43 0.2546875 0.59453125 0.1359375 0.06875
43 0.3359375 0.0828125 0.13125 0.10078125
43 0.56484375 0.1265625 0.109375 0.10859375
43 0.78125 0.1625 0.1078125 0.109375
43 0.3234375 0.2328125 0.12578125 0.11015625
43 0.5625 0.2609375 0.13203125 0.13125
43 0.77109375 0.278125 0.134375 0.10078125
43 0.30625 0.3953125 0.178125 0.1078125
43 0.553125 0.4046875 0.1515625 0.053125
43 0.7765625 0.41171875 0.0734375 0.10234375
43 0.5578125 0.60078125 0.0875 0.15625
43 0.784375 0.61640625 0.14921875 0.14765625
43 0.25859375 0.81875 0.103125 0.20703125
43 0.55078125 0.83515625 0.17421875 0.17890625
43 0.78515625 0.83203125 0.1421875 0.13359375