43 0.559375 0.30390625 0.03046875 0.046875
43 0.6578125 0.384375 0.03203125 0.0890625
43 0.56015625 0.38046875 0.03671875 0.10546875
43 0.7078125 0.29765625 0.03125 0.05859375
43 0.659375 0.30625 0.03828125 0.0765625
43 0.70625 0.37734375 0.03671875 0.096875
43 0.30390625 0.48203125 0.0703125 0.065625
43 0.81328125 0.47109375 0.06796875 0.053125
43 0.3015625 0.56328125 0.07734375 0.09375
43 0.55234375 0.471875 0.078125 0.0453125
43 0.3875 0.47890625 0.06484375 0.05859375
43 0.81328125 0.553125 0.0734375 0.1109375
43 0.3890625 0.56328125 0.065625 0.1015625
43 0.721875 0.47421875 0.0625 0.05703125
43 0.47421875 0.47734375 0.0578125 0.05625
43 0.72265625 0.55859375 0.06796875 0.11328125
43 0.39453125 0.73359375 0.0578125 0.07578125
43 0.4671875 0.55703125 0.0671875 0.10703125
43 0.63359375 0.49609375 0.0640625 0.0953125
43 0.553125 0.55234375 0.071875 0.1109375
43 0.396875 0.65703125 0.0609375 0.07578125
43 0.89921875 0.48046875 0.05703125 0.06171875
43 0.6296875 0.6625 0.06328125 0.07734375
43 0.89609375 0.56171875 0.06171875 0.09765625
43 0.6296875 0.74453125 0.0609375 0.08125
43 0.31640625 0.67578125 0.05859375 0.1078125
43 0.54765625 0.665625 0.05859375 0.08515625
43 0.7171875 0.65859375 0.06796875 0.06484375
43 0.7140625 0.7375 0.06953125 0.096875
43 0.40546875 0.84453125 0.0203125 0.08828125
43 0.53671875 0.846875 0.02890625 0.090625
43 0.45 0.85078125 0.02890625 0.10546875
43 0.4890625 0.84375 0.03125 0.09140625