43 0.3859375 0.0671875 0.0625 0.040625
43 0.37890625 0.14140625 0.065625 0.10390625
43 0.50859375 0.06640625 0.06484375 0.03671875
43 0.51171875 0.13984375 0.0546875 0.103125
43 0.646875 0.09296875 0.075 0.0484375
43 0.6453125 0.17265625 0.07578125 0.10703125
43 0.36171875 0.24609375 0.0734375 0.05859375
43 0.34921875 0.33984375 0.07578125 0.13203125
43 0.48125 0.29296875 0.0421875 0.12578125
43 0.52578125 0.29609375 0.03359375 0.12578125
43 0.64609375 0.26640625 0.07890625 0.05546875
43 0.6421875 0.3515625 0.08359375 0.1203125
43 0.346875 0.46171875 0.0765625 0.0546875
43 0.328125 0.55546875 0.084375 0.134375
43 0.49375 0.46796875 0.08046875 0.06484375
43 0.47890625 0.56796875 0.0859375 0.140625
43 0.6359375 0.4609375 0.07421875 0.0703125
43 0.61953125 0.5546875 0.08125 0.11953125
43 0.30234375 0.68984375 0.08125 0.07265625
43 0.29765625 0.79296875 0.09296875 0.13046875
43 0.4359375 0.771875 0.0484375 0.1859375
43 0.4953125 0.7734375 0.04453125 0.18671875
43 0.64140625 0.71015625 0.0734375 0.06484375
43 0.64375 0.7953125 0.078125 0.10625