43 0.29921875 0.25625 0.18125 0.2908203125
43 0.3203125 0.0640625 0.171484375 0.0876953125
43 0.6 0.26875 0.1654296875 0.296875
43 0.6125 0.065625 0.134375 0.13125
43 0.8671875 0.23046875 0.202734375 0.2021484375
43 0.87265625 0.05859375 0.1296875 0.1171875
43 0.2609375 0.721875 0.206640625 0.208984375
43 0.26171875 0.5375 0.159375 0.1595703125
43 0.53984375 0.6734375 0.0892578125 0.353125
43 0.65078125 0.66796875 0.2173828125 0.2169921875
43 0.9078125 0.68046875 0.171484375 0.1705078125
43 0.8984375 0.52109375 0.1314453125 0.0955078125