43 0.284375 0.14296875 0.11171875 0.0921875
43 0.4984375 0.1453125 0.10546875 0.10078125
43 0.70859375 0.15390625 0.1328125 0.0953125
43 0.2609375 0.275 0.14375 0.09921875
43 0.4765625 0.28359375 0.1359375 0.11171875
43 0.690625 0.28046875 0.13125 0.09609375
43 0.24765625 0.4296875 0.10078125 0.053125
43 0.47109375 0.41796875 0.10859375 0.08359375
43 0.70234375 0.421875 0.12734375 0.11015625
43 0.23046875 0.58125 0.12421875 0.10703125
43 0.478125 0.58203125 0.065625 0.14375
43 0.70625 0.575 0.0609375 0.1265625
43 0.19375 0.78359375 0.153125 0.134375
43 0.4828125 0.78984375 0.1609375 0.0640625
43 0.69765625 0.809375 0.071875 0.1