43 0.3859375 0.0671875 0.0625 0.040625
43 0.37890625 0.14140625 0.085546875 0.0853515625
43 0.50859375 0.06640625 0.0642578125 0.0361328125
43 0.51171875 0.13984375 0.079296875 0.079296875
43 0.646875 0.09296875 0.075 0.0484375
43 0.6453125 0.17265625 0.0912109375 0.0916015625
43 0.36171875 0.24609375 0.0734375 0.0580078125
43 0.34921875 0.33984375 0.1044921875 0.1044921875
43 0.48125 0.29296875 0.084375 0.0853515625
43 0.52578125 0.29609375 0.0330078125 0.1263671875
43 0.64609375 0.26640625 0.0794921875 0.0548828125
43 0.6421875 0.3515625 0.0841796875 0.121484375
43 0.346875 0.46171875 0.065625 0.064453125
43 0.328125 0.55546875 0.109375 0.109375
43 0.49375 0.46796875 0.0720703125 0.0732421875
43 0.47890625 0.56796875 0.0859375 0.140625
43 0.6359375 0.4609375 0.0724609375 0.072265625
43 0.61953125 0.5546875 0.08125 0.1189453125
43 0.30234375 0.68984375 0.076953125 0.0767578125
43 0.29765625 0.79296875 0.0923828125 0.1298828125
43 0.4359375 0.771875 0.047265625 0.187109375
43 0.4953125 0.7734375 0.0439453125 0.1873046875
43 0.64140625 0.71015625 0.0734375 0.0642578125
43 0.64375 0.7953125 0.078125 0.10625