43 0.4640625 0.36875 0.03046875 0.0828125
43 0.57421875 0.37265625 0.02890625 0.078125
43 0.5328125 0.37578125 0.02265625 0.0734375
43 0.7609375 0.3765625 0.0265625 0.07421875
43 0.61015625 0.3703125 0.02890625 0.08046875
43 0.684375 0.371875 0.03046875 0.0796875
43 0.26328125 0.4609375 0.05703125 0.0984375
43 0.40078125 0.59609375 0.05625 0.06875
43 0.33203125 0.4453125 0.06015625 0.0609375
43 0.73203125 0.44296875 0.05234375 0.0453125
43 0.3296875 0.515625 0.05859375 0.07421875
43 0.53203125 0.4671875 0.06015625 0.08671875
43 0.39921875 0.4421875 0.05078125 0.059375
43 0.73359375 0.5125 0.0578125 0.09609375
43 0.3984375 0.5171875 0.0546875 0.08515625
43 0.66015625 0.44609375 0.04609375 0.05078125
43 0.5265625 0.61484375 0.05234375 0.09140625
43 0.33359375 0.62578125 0.05703125 0.0984375
43 0.4703125 0.446875 0.04921875 0.04609375
43 0.6625 0.5171875 0.05234375 0.08828125
43 0.39765625 0.67578125 0.0515625 0.08046875
43 0.46328125 0.5140625 0.0546875 0.08671875
43 0.5953125 0.46640625 0.0578125 0.08984375
43 0.7984375 0.45390625 0.0484375 0.05234375
43 0.59609375 0.61171875 0.05625 0.07265625
43 0.79921875 0.521875 0.0515625 0.0796875
43 0.59140625 0.68515625 0.0484375 0.06796875
43 0.66171875 0.60625 0.0578125 0.053125
43 0.6609375 0.6765625 0.059375 0.08515625
43 0.31484375 0.78046875 0.034375 0.10703125
43 0.4390625 0.7859375 0.02734375 0.115625
43 0.4 0.7828125 0.02265625 0.10703125
43 0.35390625 0.78203125 0.028125 0.10859375