43 0.3109375 0.08671875 0.12109375 0.10078125
43 0.528125 0.11640625 0.12890625 0.11328125
43 0.7546875 0.1328125 0.11875 0.1046875
43 0.2921875 0.2421875 0.1171875 0.10859375
43 0.5140625 0.25625 0.140625 0.121875
43 0.73671875 0.26953125 0.1359375 0.09921875
43 0.271875 0.4 0.153125 0.11015625
43 0.5015625 0.4046875 0.1328125 0.05390625
43 0.728125 0.40859375 0.06484375 0.08671875
43 0.2265625 0.5875 0.1125 0.0515625
43 0.48984375 0.596875 0.06171875 0.13359375
43 0.71484375 0.6125 0.1453125 0.134375
43 0.21953125 0.7796875 0.0921875 0.16796875
43 0.47421875 0.81015625 0.15390625 0.15
43 0.69453125 0.81328125 0.13203125 0.1140625