43 0.38671875 0.08828125 0.0416015625 0.040625
43 0.3796875 0.15 0.0591796875 0.0904296875
43 0.5171875 0.08203125 0.0408203125 0.041796875
43 0.5203125 0.14765625 0.0783203125 0.079296875
43 0.66875 0.17109375 0.075 0.0919921875
43 0.6640625 0.1046875 0.0533203125 0.0529296875
43 0.36015625 0.246875 0.0609375 0.06171875
43 0.34375 0.3328125 0.1056640625 0.1056640625
43 0.49296875 0.290625 0.08125 0.0814453125
43 0.546875 0.29453125 0.084375 0.0853515625
43 0.6765625 0.2625 0.062109375 0.0626953125
43 0.68359375 0.34296875 0.0767578125 0.1169921875
43 0.678125 0.44765625 0.0716796875 0.0546875
43 0.67578125 0.54609375 0.101171875 0.101171875
43 0.5125 0.45703125 0.0845703125 0.046875
43 0.50390625 0.565625 0.0767578125 0.155859375
43 0.34453125 0.4640625 0.0728515625 0.071875
43 0.32265625 0.56328125 0.11875 0.11875
43 0.2890625 0.721875 0.083984375 0.083984375
43 0.2734375 0.84296875 0.108984375 0.1892578125
43 0.4609375 0.815625 0.1369140625 0.13671875
43 0.5375 0.8171875 0.1400390625 0.1400390625
43 0.70703125 0.73046875 0.0794921875 0.0673828125
43 0.71953125 0.83203125 0.1048828125 0.1046875