43 0.73515625 0.8359375 0.13671875 0.07734375
43 0.7515625 0.9265625 0.14296875 0.09765625
43 0.51640625 0.8953125 0.08671875 0.18984375
43 0.403125 0.8953125 0.0796875 0.18515625
43 0.225 0.88984375 0.08984375 0.2046875
43 0.11640625 0.89140625 0.1 0.2125
43 0.18828125 0.49609375 0.15703125 0.0828125
43 0.18671875 0.5984375 0.1734375 0.1171875
43 0.4703125 0.49765625 0.13359375 0.075
43 0.48203125 0.60625 0.15703125 0.14765625
43 0.7296875 0.4875 0.153125 0.075
43 0.7265625 0.5953125 0.16015625 0.13515625
43 0.75703125 0.35234375 0.1265625 0.125
43 0.75 0.25859375 0.1203125 0.04765625
43 0.503125 0.24765625 0.13359375 0.0703125
43 0.4953125 0.35625 0.1296875 0.1171875
43 0.2 0.33359375 0.146875 0.12265625
43 0.2203125 0.24140625 0.13359375 0.0671875
43 0.26328125 0.0359375 0.1265625 0.0578125
43 0.25703125 0.1359375 0.13359375 0.12265625
43 0.5203125 0.1421875 0.09296875 0.1046875
43 0.5484375 0.06484375 0.103125 0.0453125
43 0.7515625 0.15390625 0.103125 0.1171875
43 0.75703125 0.0625 0.1203125 0.0546875