43 0.21328125 0.0953125 0.1517578125 0.1345703125
43 0.484375 0.13203125 0.14375 0.144921875
43 0.7609375 0.15078125 0.1505859375 0.1509765625
43 0.20703125 0.29921875 0.139453125 0.1396484375
43 0.478125 0.315625 0.1623046875 0.140625
43 0.73046875 0.3265625 0.1455078125 0.1466796875
43 0.20625 0.496875 0.15546875 0.155859375
43 0.46796875 0.49375 0.1701171875 0.0623046875
43 0.72421875 0.4984375 0.0701171875 0.10625
43 0.16953125 0.7125 0.096875 0.097265625
43 0.459375 0.71875 0.084375 0.1623046875
43 0.70625 0.734375 0.16328125 0.165234375
43 0.1078125 0.91015625 0.1375 0.138671875
43 0.45546875 0.9328125 0.1703125 0.134375
43 0.6859375 0.94140625 0.146484375 0.1171875