43 0.36171875 0.18359375 0.0703125 0.0578125
43 0.5296875 0.1828125 0.0734375 0.06015625
43 0.69296875 0.1921875 0.08671875 0.06015625
43 0.346875 0.27734375 0.0796875 0.075
43 0.68359375 0.275 0.09296875 0.06484375
43 0.33203125 0.38515625 0.08984375 0.03984375
43 0.69921875 0.37578125 0.0875 0.06796875
43 0.3203125 0.49765625 0.08984375 0.07578125
43 0.52578125 0.49921875 0.05078125 0.1078125
43 0.290625 0.65859375 0.11015625 0.0953125
43 0.5328125 0.6640625 0.11875 0.03984375
43 0.71796875 0.67421875 0.05 0.07421875