43 0.41015625 0.23515625 0.0375 0.0986328125
43 0.540625 0.2453125 0.059765625 0.062109375
43 0.49375 0.2484375 0.055859375 0.0560546875
43 0.76015625 0.25703125 0.0572265625 0.05625
43 0.58359375 0.2484375 0.0361328125 0.0841796875
43 0.66953125 0.2515625 0.0359375 0.0873046875
43 0.16484375 0.3453125 0.0642578125 0.1216796875
43 0.33125 0.521875 0.062109375 0.075390625
43 0.2515625 0.32890625 0.0625 0.0625
43 0.728125 0.33671875 0.062890625 0.0484375
43 0.24453125 0.409375 0.084375 0.084765625
43 0.48984375 0.3625 0.0705078125 0.109375
43 0.33203125 0.33125 0.0609375 0.062890625
43 0.72890625 0.41796875 0.0671875 0.1138671875
43 0.3296875 0.41171875 0.077734375 0.076953125
43 0.64296875 0.33671875 0.0576171875 0.0607421875
43 0.4828125 0.54765625 0.083984375 0.0830078125
43 0.41484375 0.3359375 0.05625 0.053125
43 0.64453125 0.4234375 0.082421875 0.0818359375
43 0.3234375 0.6109375 0.0623046875 0.1029296875
43 0.24375 0.553125 0.090625 0.091015625
43 0.40859375 0.4109375 0.0822265625 0.081640625
43 0.56640625 0.3703125 0.0673828125 0.10625
43 0.80546875 0.35390625 0.0607421875 0.05625
43 0.56484375 0.540625 0.0765625 0.0775390625
43 0.80546875 0.43046875 0.0609375 0.0919921875
43 0.56171875 0.6296875 0.059375 0.083984375
43 0.64140625 0.534375 0.0669921875 0.065625
43 0.64296875 0.61796875 0.0861328125 0.0859375
43 0.21484375 0.74375 0.0330078125 0.143359375
43 0.37109375 0.7515625 0.0927734375 0.0931640625
43 0.265625 0.7515625 0.08203125 0.08359375
43 0.32265625 0.75390625 0.0794921875 0.0798828125