43 0.7046875 0.2609375 0.11484375 0.08125
43 0.88828125 0.3046875 0.146875 0.084375
43 0.453125 0.309375 0.14609375 0.0828125
43 0.6328125 0.35703125 0.1484375 0.09609375
43 0.82421875 0.39765625 0.13125 0.0953125
43 0.36796875 0.41484375 0.09921875 0.053125
43 0.56796875 0.4546875 0.12578125 0.07890625
43 0.78125 0.5109375 0.1515625 0.09921875
43 0.27421875 0.5234375 0.17109375 0.1046875
43 0.48828125 0.5921875 0.10703125 0.1359375
43 0.71015625 0.64609375 0.1 0.1296875
43 0.12109375 0.69140625 0.2078125 0.14375
43 0.3796875 0.78359375 0.16015625 0.09609375
43 0.59453125 0.86875 0.09375 0.1140625
43 0.5265625 0.221875 0.11953125 0.06796875