43 0.43828125 0.3859375 0.064453125 0.065234375
43 0.56640625 0.3890625 0.0375 0.0908203125
43 0.51875 0.39375 0.053125 0.0533203125
43 0.78125 0.3984375 0.03125 0.083984375
43 0.60703125 0.3890625 0.064453125 0.065234375
43 0.6921875 0.390625 0.06484375 0.06328125
43 0.20546875 0.48984375 0.086328125 0.0861328125
43 0.36640625 0.6515625 0.0734375 0.0744140625
43 0.284375 0.4703125 0.068359375 0.0689453125
43 0.74921875 0.4734375 0.0603515625 0.0595703125
43 0.28203125 0.55390625 0.082421875 0.0826171875
43 0.515625 0.49921875 0.0880859375 0.0884765625
43 0.365625 0.471875 0.065234375 0.0654296875
43 0.74765625 0.55546875 0.0642578125 0.109375
43 0.3625 0.55625 0.078515625 0.0787109375
43 0.665625 0.4734375 0.0591796875 0.0625
43 0.509375 0.66875 0.0595703125 0.1
43 0.28671875 0.68046875 0.0642578125 0.115625
43 0.44453125 0.4734375 0.05625 0.053125
43 0.6671875 0.56015625 0.0779296875 0.076953125
43 0.36171875 0.74140625 0.0728515625 0.0708984375
43 0.440625 0.55234375 0.0595703125 0.1044921875
43 0.59140625 0.50234375 0.0794921875 0.079296875
43 0.825 0.48671875 0.059765625 0.060546875
43 0.5890625 0.66875 0.0724609375 0.0724609375
43 0.825 0.56484375 0.056640625 0.0955078125
43 0.58671875 0.7546875 0.059375 0.0814453125
43 0.66484375 0.66015625 0.0642578125 0.0642578125
43 0.66640625 0.746875 0.0701171875 0.094140625
43 0.2640625 0.859375 0.077734375 0.0779296875
43 0.40859375 0.86875 0.083203125 0.0841796875
43 0.36484375 0.8625 0.0734375 0.0744140625
43 0.3109375 0.86015625 0.07890625 0.0791015625