43 0.234375 0.12578125 0.10859375 0.0859375
43 0.45859375 0.1390625 0.09296875 0.08984375
43 0.6609375 0.16328125 0.11171875 0.08125
43 0.2390625 0.2546875 0.125 0.10234375
43 0.46328125 0.27421875 0.06015625 0.1140625
43 0.6734375 0.2765625 0.103125 0.08984375
43 0.240625 0.41875 0.10859375 0.05
43 0.453125 0.4109375 0.14296875 0.10234375
43 0.6953125 0.40546875 0.11640625 0.08359375
43 0.25546875 0.5859375 0.1484375 0.1203125
43 0.5359375 0.5734375 0.078125 0.14765625
43 0.7359375 0.59296875 0.0984375 0.0765625