43 0.23125 0.27734375 0.17109375 0.14375
43 0.23984375 0.18046875 0.159375 0.06015625
43 0.2625 0.09296875 0.15078125 0.12109375
43 0.2703125 0.0140625 0.153125 0.028125
43 0.5171875 0.30546875 0.15625 0.13671875
43 0.51875 0.21171875 0.1296875 0.05703125
43 0.5203125 0.11953125 0.10703125 0.11328125
43 0.546875 0.04765625 0.1328125 0.03515625
43 0.7375 0.1421875 0.12109375 0.11875
43 0.7234375 0.065625 0.10703125 0.0453125
43 0.21640625 0.54453125 0.2125 0.15390625
43 0.209375 0.43046875 0.178125 0.075
43 0.53203125 0.55390625 0.16953125 0.1546875
43 0.50546875 0.43828125 0.15625 0.06640625
43 0.7703125 0.534375 0.165625 0.1578125
43 0.7546875 0.4328125 0.1484375 0.0515625
43 0.16328125 0.86875 0.1125 0.2625
43 0.28359375 0.86640625 0.1140625 0.25703125
43 0.48203125 0.853125 0.1109375 0.2203125
43 0.60390625 0.84609375 0.08046875 0.20625
43 0.83046875 0.86328125 0.16015625 0.13125
43 0.8078125 0.7546875 0.1625 0.053125
43 0.7640625 0.31015625 0.134375 0.12890625
43 0.7484375 0.22734375 0.1296875 0.04375