43 0.54765625 0.2875 0.0265625 0.03125
43 0.63125 0.35859375 0.028125 0.08203125
43 0.54921875 0.35078125 0.034375 0.09296875
43 0.6734375 0.28515625 0.02890625 0.04921875
43 0.63125 0.28671875 0.0296875 0.06875
43 0.671875 0.3546875 0.03125 0.08984375
43 0.321875 0.43671875 0.065625 0.06484375
43 0.76640625 0.434375 0.06015625 0.0484375
43 0.31875 0.515625 0.065625 0.08515625
43 0.54140625 0.4328125 0.0703125 0.04140625
43 0.396875 0.43671875 0.0609375 0.06171875
43 0.76640625 0.5109375 0.06328125 0.10078125
43 0.328125 0.63046875 0.0578125 0.103125
43 0.39765625 0.51640625 0.0578125 0.09296875
43 0.6875 0.4359375 0.05546875 0.05546875
43 0.5359375 0.61875 0.05390625 0.09453125
43 0.4734375 0.43828125 0.0546875 0.05234375
43 0.68984375 0.51875 0.05859375 0.09921875
43 0.3984375 0.68515625 0.053125 0.08359375
43 0.4671875 0.5125 0.05625 0.09765625
43 0.61328125 0.46171875 0.0578125 0.08984375
43 0.5421875 0.50703125 0.06640625 0.10546875
43 0.40078125 0.60625 0.059375 0.075
43 0.8390625 0.44375 0.05078125 0.0609375
43 0.6125 0.61640625 0.0578125 0.078125
43 0.840625 0.51953125 0.0578125 0.0875
43 0.61015625 0.696875 0.05546875 0.07734375
43 0.6859375 0.61171875 0.0625 0.0625
43 0.6859375 0.6921875 0.0640625 0.09765625
43 0.52421875 0.80078125 0.0296875 0.11015625
43 0.4015625 0.80078125 0.02265625 0.109375
43 0.4421875 0.80546875 0.03046875 0.11484375
43 0.4796875 0.8015625 0.0296875 0.109375