43 0.09609375 0.2328125 0.1544921875 0.1623046875
43 0.11171875 0.4296875 0.2103515625 0.2099609375
43 0.40546875 0.20078125 0.1607421875 0.1798828125
43 0.41484375 0.40625 0.19375 0.1935546875
43 0.76328125 0.2578125 0.185546875 0.1845703125
43 0.753125 0.46328125 0.2001953125 0.2232421875
43 0.12421875 0.72578125 0.1732421875 0.2015625
43 0.1390625 0.90078125 0.175390625 0.1759765625
43 0.38984375 0.77578125 0.1736328125 0.1734375
43 0.48359375 0.77890625 0.1671875 0.1671875
43 0.74296875 0.7453125 0.1701171875 0.172265625
43 0.74140625 0.91015625 0.16875 0.1697265625