43 0.09609375 0.2328125 0.15390625 0.16171875
43 0.11171875 0.4296875 0.19140625 0.22890625
43 0.40546875 0.20078125 0.16015625 0.18046875
43 0.41484375 0.40625 0.175 0.21171875
43 0.76328125 0.2578125 0.2015625 0.16796875
43 0.753125 0.46328125 0.20078125 0.22265625
43 0.12421875 0.72578125 0.17265625 0.2015625
43 0.1390625 0.90078125 0.203125 0.14765625
43 0.38984375 0.77578125 0.07421875 0.2734375
43 0.48359375 0.77890625 0.0671875 0.2671875
43 0.74296875 0.7453125 0.16953125 0.1734375
43 0.74140625 0.91015625 0.1890625 0.14921875