43 0.2 0.43515625 0.031640625 0.1015625
43 0.1984375 0.3625 0.028515625 0.0439453125
43 0.27109375 0.4359375 0.0865234375 0.08515625
43 0.2703125 0.359375 0.065234375 0.06328125
43 0.35234375 0.43671875 0.0640625 0.1017578125
43 0.3515625 0.35703125 0.0587890625 0.0578125
43 0.428125 0.43515625 0.0595703125 0.1013671875
43 0.43515625 0.35859375 0.0578125 0.0546875
43 0.50703125 0.4296875 0.06875 0.1125
43 0.50859375 0.35390625 0.0546875 0.0546875
43 0.58359375 0.38203125 0.076953125 0.0771484375
43 0.6609375 0.43984375 0.0654296875 0.096875
43 0.6609375 0.359375 0.053125 0.053515625
43 0.74140625 0.43515625 0.0705078125 0.1015625
43 0.74609375 0.3609375 0.0640625 0.0439453125
43 0.815625 0.4453125 0.078515625 0.080859375
43 0.8203125 0.36953125 0.05859375 0.0583984375
43 0.2890625 0.54453125 0.08515625 0.0859375
43 0.359375 0.59609375 0.0591796875 0.0763671875
43 0.359375 0.528125 0.0595703125 0.065625
43 0.43515625 0.6015625 0.0357421875 0.083984375
43 0.4296875 0.528125 0.033984375 0.062109375
43 0.50234375 0.5359375 0.0576171875 0.0810546875
43 0.57109375 0.60703125 0.066796875 0.0666015625
43 0.57734375 0.5328125 0.0548828125 0.0689453125
43 0.6484375 0.6046875 0.06875 0.0970703125
43 0.653125 0.52890625 0.0623046875 0.0578125
43 0.4890625 0.70234375 0.028515625 0.0861328125
43 0.446875 0.70234375 0.0595703125 0.060546875
43 0.4078125 0.7046875 0.0625 0.0623046875
43 0.36796875 0.70078125 0.0544921875 0.0546875
43 0.71171875 0.61171875 0.0517578125 0.0517578125
43 0.7125 0.53671875 0.053125 0.053125