43 0.4640625 0.36875 0.0310546875 0.081640625
43 0.57421875 0.37265625 0.0294921875 0.078125
43 0.5328125 0.37578125 0.0474609375 0.048046875
43 0.7609375 0.3765625 0.050390625 0.0505859375
43 0.61015625 0.3703125 0.0548828125 0.0556640625
43 0.684375 0.371875 0.0560546875 0.055859375
43 0.26328125 0.4609375 0.0576171875 0.097265625
43 0.40078125 0.59609375 0.0625 0.0625
43 0.33203125 0.4453125 0.0607421875 0.059765625
43 0.73203125 0.44296875 0.0517578125 0.0453125
43 0.3296875 0.515625 0.0591796875 0.0748046875
43 0.53203125 0.4671875 0.0736328125 0.0744140625
43 0.39921875 0.4421875 0.0548828125 0.055859375
43 0.73359375 0.5125 0.0578125 0.0966796875
43 0.3984375 0.5171875 0.053515625 0.0845703125
43 0.66015625 0.44609375 0.0486328125 0.0482421875
43 0.5265625 0.61484375 0.0529296875 0.0919921875
43 0.33359375 0.62578125 0.0771484375 0.078125
43 0.4703125 0.446875 0.0498046875 0.0466796875
43 0.6625 0.5171875 0.0529296875 0.0876953125
43 0.39765625 0.67578125 0.0515625 0.0798828125
43 0.46328125 0.5140625 0.0546875 0.0873046875
43 0.5953125 0.46640625 0.058984375 0.0892578125
43 0.7984375 0.45390625 0.047265625 0.0517578125
43 0.59609375 0.61171875 0.05625 0.0732421875
43 0.79921875 0.521875 0.066796875 0.065625
43 0.59140625 0.68515625 0.0578125 0.0580078125
43 0.66171875 0.60625 0.055078125 0.055859375
43 0.6609375 0.6765625 0.059375 0.0845703125
43 0.31484375 0.78046875 0.034375 0.1076171875
43 0.4390625 0.7859375 0.0716796875 0.071875
43 0.4 0.7828125 0.0650390625 0.0650390625
43 0.35390625 0.78203125 0.028125 0.1080078125