43 0.45859375 0.378125 0.0298828125 0.08125
43 0.56796875 0.3828125 0.054296875 0.0533203125
43 0.5265625 0.3859375 0.0443359375 0.046484375
43 0.7546875 0.39140625 0.047265625 0.048046875
43 0.603125 0.38125 0.0537109375 0.0537109375
43 0.67578125 0.38359375 0.0296875 0.08125
43 0.25703125 0.46796875 0.0740234375 0.0759765625
43 0.3953125 0.609375 0.0529296875 0.069140625
43 0.32578125 0.45234375 0.0580078125 0.0580078125
43 0.72578125 0.45234375 0.0513671875 0.0513671875
43 0.3234375 0.52265625 0.059765625 0.0826171875
43 0.52421875 0.47578125 0.0607421875 0.0890625
43 0.39296875 0.45390625 0.053125 0.0578125
43 0.32734375 0.634375 0.0576171875 0.099609375
43 0.72578125 0.52421875 0.076953125 0.0771484375
43 0.39375 0.52578125 0.068359375 0.0677734375
43 0.65390625 0.45390625 0.0484375 0.0513671875
43 0.51953125 0.62421875 0.0515625 0.0919921875
43 0.46328125 0.45625 0.0455078125 0.0466796875
43 0.65625 0.52578125 0.0712890625 0.0708984375
43 0.390625 0.68515625 0.0630859375 0.0634765625
43 0.45703125 0.521875 0.0515625 0.0845703125
43 0.58828125 0.48046875 0.0669921875 0.0671875
43 0.7921875 0.465625 0.050390625 0.05078125
43 0.5875 0.62421875 0.0623046875 0.0615234375
43 0.58515625 0.69453125 0.0603515625 0.059375
43 0.7921875 0.5328125 0.0662109375 0.0662109375
43 0.653125 0.61796875 0.05625 0.0576171875
43 0.6546875 0.69140625 0.07265625 0.0728515625
43 0.30546875 0.79296875 0.0265625 0.1080078125
43 0.4296875 0.7953125 0.027734375 0.116015625
43 0.39296875 0.79296875 0.0642578125 0.0640625
43 0.34296875 0.7921875 0.067578125 0.06640625