43 0.0921875 0.08203125 0.1703125 0.14296875
43 0.76640625 0.06640625 0.1828125 0.1203125
43 0.12890625 0.3234375 0.1328125 0.16640625
43 0.12890625 0.51171875 0.17265625 0.18984375
43 0.42734375 0.33515625 0.16015625 0.1703125
43 0.41015625 0.5265625 0.16484375 0.2
43 0.74140625 0.29140625 0.15234375 0.18359375
43 0.69609375 0.48359375 0.12734375 0.2
43 0.7125 0.775 0.11015625 0.096875
43 0.71015625 0.8953125 0.1203125 0.11015625
43 0.46875 0.86328125 0.0671875 0.2734375
43 0.3765625 0.8515625 0.0671875 0.2765625
43 0.1359375 0.76640625 0.1421875 0.1265625
43 0.15 0.9046875 0.1546875 0.11015625