43 0.19140625 0.3796875 0.03203125 0.04609375
43 0.7078125 0.634375 0.0265625 0.075
43 0.1890625 0.45078125 0.04140625 0.096875
43 0.421875 0.546875 0.028125 0.06875
43 0.2625 0.37421875 0.07109375 0.065625
43 0.73671875 0.37578125 0.065625 0.0484375
43 0.2625 0.45078125 0.07578125 0.09375
43 0.49921875 0.371875 0.0734375 0.0484375
43 0.340625 0.3734375 0.06484375 0.06875
43 0.425 0.3734375 0.059375 0.0578125
43 0.41796875 0.44921875 0.0625 0.0984375
43 0.57578125 0.39765625 0.06328125 0.090625
43 0.49765625 0.44921875 0.06875 0.10234375
43 0.353125 0.5453125 0.0578125 0.075
43 0.6546875 0.37578125 0.06484375 0.05546875
43 0.49375 0.553125 0.05625 0.0796875
43 0.65390625 0.4578125 0.0625 0.10390625
43 0.7328125 0.45234375 0.0734375 0.10859375
43 0.27890625 0.56171875 0.0640625 0.10703125
43 0.35234375 0.61875 0.0546875 0.0703125
43 0.428125 0.62109375 0.03125 0.0796875
43 0.56953125 0.5515625 0.05859375 0.0765625
43 0.81328125 0.38359375 0.0546875 0.05703125
43 0.80859375 0.4625 0.0609375 0.0875
43 0.56640625 0.6265625 0.05625 0.07578125
43 0.64609375 0.54765625 0.06640625 0.06328125
43 0.64296875 0.6234375 0.06796875 0.09140625
43 0.7046875 0.55625 0.0296875 0.07109375
43 0.36015625 0.72265625 0.0203125 0.090625
43 0.4828125 0.721875 0.02734375 0.09453125
43 0.4015625 0.73046875 0.02890625 0.09921875
43 0.43671875 0.72109375 0.03203125 0.08828125