43 0.1703125 0.33125 0.03984375 0.10703125
43 0.17421875 0.25859375 0.0328125 0.0421875
43 0.24921875 0.33203125 0.07421875 0.1078125
43 0.25078125 0.24296875 0.06328125 0.07109375
43 0.33828125 0.33671875 0.06328125 0.10390625
43 0.3359375 0.24609375 0.06171875 0.07890625
43 0.41875 0.33046875 0.06953125 0.11328125
43 0.42578125 0.2453125 0.059375 0.05078125
43 0.5046875 0.3265625 0.07421875 0.1265625
43 0.5046875 0.2421875 0.07578125 0.04375
43 0.58515625 0.28125 0.06328125 0.10703125
43 0.6703125 0.33515625 0.06484375 0.11953125
43 0.67109375 0.2484375 0.06796875 0.0625
43 0.76171875 0.3328125 0.07109375 0.11875
43 0.7625 0.24453125 0.07265625 0.059375
43 0.84453125 0.34609375 0.06640625 0.1078125
43 0.846875 0.2609375 0.059375 0.06171875
43 0.26015625 0.46953125 0.06640625 0.11171875
43 0.340625 0.53515625 0.06015625 0.10234375
43 0.34375 0.44296875 0.0640625 0.08046875
43 0.425 0.540625 0.03671875 0.09921875
43 0.41953125 0.4609375 0.034375 0.0703125
43 0.50078125 0.4640625 0.059375 0.10625
43 0.5796875 0.55234375 0.06328125 0.08203125
43 0.58125 0.465625 0.0625 0.0859375
43 0.66484375 0.540625 0.078125 0.10703125
43 0.66875 0.4609375 0.0734375 0.0625
43 0.7375 0.559375 0.02890625 0.08671875
43 0.73203125 0.47578125 0.03359375 0.08515625
43 0.4859375 0.67265625 0.03515625 0.12421875
43 0.434375 0.6671875 0.03515625 0.12890625
43 0.390625 0.67265625 0.02890625 0.13828125
43 0.3453125 0.6703125 0.02109375 0.12578125