43 0.2 0.43515625 0.0328125 0.1015625
43 0.1984375 0.3625 0.0296875 0.04453125
43 0.27109375 0.4359375 0.07734375 0.0953125
43 0.2703125 0.359375 0.0671875 0.0625
43 0.35234375 0.43671875 0.0640625 0.10234375
43 0.3515625 0.35703125 0.06015625 0.05625
43 0.428125 0.43515625 0.06015625 0.10078125
43 0.43515625 0.35859375 0.0578125 0.0546875
43 0.50703125 0.4296875 0.06875 0.1125
43 0.50859375 0.35390625 0.06875 0.040625
43 0.58359375 0.38203125 0.0625 0.09296875
43 0.6609375 0.43984375 0.06484375 0.096875
43 0.6609375 0.359375 0.05625 0.0515625
43 0.74140625 0.43515625 0.07109375 0.1015625
43 0.74609375 0.3609375 0.0640625 0.04453125
43 0.815625 0.4453125 0.0671875 0.0921875
43 0.8203125 0.36953125 0.0578125 0.05859375
43 0.2890625 0.54453125 0.065625 0.10625
43 0.359375 0.59609375 0.05859375 0.07578125
43 0.359375 0.528125 0.06015625 0.065625
43 0.43515625 0.6015625 0.03515625 0.0828125
43 0.4296875 0.528125 0.0328125 0.0609375
43 0.50234375 0.5359375 0.05703125 0.08046875
43 0.57109375 0.60703125 0.05625 0.07578125
43 0.57734375 0.5328125 0.05546875 0.06953125
43 0.6484375 0.6046875 0.06875 0.09765625
43 0.653125 0.52890625 0.06171875 0.0578125
43 0.4890625 0.70234375 0.0296875 0.08671875
43 0.446875 0.70234375 0.03046875 0.0890625
43 0.4078125 0.7046875 0.028125 0.09609375
43 0.36796875 0.70078125 0.01953125 0.0890625
43 0.71171875 0.61171875 0.02734375 0.07734375
43 0.7125 0.53671875 0.03125 0.075