43 0.21328125 0.0953125 0.15234375 0.13515625
43 0.484375 0.13203125 0.1484375 0.1390625
43 0.7609375 0.15078125 0.16015625 0.14140625
43 0.20703125 0.29921875 0.153125 0.12734375
43 0.478125 0.315625 0.16171875 0.140625
43 0.73046875 0.3265625 0.16015625 0.13203125
43 0.20625 0.496875 0.178125 0.1328125
43 0.46796875 0.49375 0.16953125 0.06171875
43 0.72421875 0.4984375 0.06953125 0.10625
43 0.16953125 0.7125 0.13125 0.0640625
43 0.459375 0.71875 0.084375 0.16171875
43 0.70625 0.734375 0.171875 0.1578125
43 0.1078125 0.91015625 0.0953125 0.1796875
43 0.45546875 0.9328125 0.1703125 0.134375
43 0.6859375 0.94140625 0.1453125 0.1171875