43 0.3171875 0.50703125 0.078125 0.0955078125
43 0.31875 0.4265625 0.069140625 0.065625
43 0.39609375 0.51171875 0.08125 0.0802734375
43 0.39765625 0.42890625 0.0625 0.06875
43 0.475 0.50703125 0.06875 0.1046875
43 0.48046875 0.42890625 0.0578125 0.0515625
43 0.553125 0.50234375 0.0931640625 0.092578125
43 0.5546875 0.425 0.0748046875 0.0408203125
43 0.628125 0.45859375 0.0591796875 0.0984375
43 0.7125 0.515625 0.083984375 0.0841796875
43 0.709375 0.42734375 0.053125 0.053125
43 0.79609375 0.50625 0.0671875 0.1126953125
43 0.79296875 0.425 0.0609375 0.05
43 0.56328125 0.3359375 0.03125 0.0966796875
43 0.56171875 0.26953125 0.0298828125 0.0298828125
43 0.6515625 0.34296875 0.05625 0.0548828125
43 0.64765625 0.2703125 0.0294921875 0.065234375
43 0.69296875 0.3375 0.0328125 0.0876953125
43 0.6921875 0.2703125 0.0373046875 0.0376953125
43 0.871875 0.515625 0.0595703125 0.096875
43 0.87109375 0.4375 0.0546875 0.0556640625
43 0.32109375 0.64453125 0.0923828125 0.0919921875
43 0.39765625 0.70234375 0.0765625 0.0763671875
43 0.4015625 0.6140625 0.071484375 0.0712890625
43 0.54765625 0.6296875 0.0798828125 0.0810546875
43 0.6265625 0.71328125 0.0716796875 0.071875
43 0.62421875 0.62734375 0.0548828125 0.0857421875
43 0.71015625 0.6984375 0.076171875 0.0751953125
43 0.70859375 0.62109375 0.0625 0.0615234375
43 0.53515625 0.8328125 0.0298828125 0.122265625
43 0.48359375 0.83359375 0.079296875 0.079296875
43 0.44375 0.834375 0.0810546875 0.0810546875
43 0.39921875 0.83359375 0.0203125 0.1236328125