43 0.73515625 0.8359375 0.1076171875 0.1064453125
43 0.7515625 0.9265625 0.1193359375 0.1212890625
43 0.51640625 0.8953125 0.0861328125 0.1904296875
43 0.403125 0.8953125 0.080859375 0.1845703125
43 0.225 0.88984375 0.0904296875 0.2046875
43 0.11640625 0.89140625 0.15625 0.15625
43 0.18828125 0.49609375 0.1576171875 0.0828125
43 0.18671875 0.5984375 0.1734375 0.116015625
43 0.4703125 0.49765625 0.1341796875 0.075
43 0.48203125 0.60625 0.1576171875 0.1470703125
43 0.7296875 0.4875 0.153125 0.075
43 0.7265625 0.5953125 0.1470703125 0.1470703125
43 0.75703125 0.35234375 0.126171875 0.126171875
43 0.75 0.25859375 0.119140625 0.0482421875
43 0.503125 0.24765625 0.1341796875 0.0703125
43 0.4953125 0.35625 0.128515625 0.118359375
43 0.2 0.33359375 0.134765625 0.1353515625
43 0.2203125 0.24140625 0.1341796875 0.0671875
43 0.26328125 0.0359375 0.1265625 0.058984375
43 0.25703125 0.1359375 0.1271484375 0.1279296875
43 0.5203125 0.1421875 0.0974609375 0.099609375
43 0.5484375 0.06484375 0.103125 0.0453125
43 0.7515625 0.15390625 0.109765625 0.110546875
43 0.75703125 0.0625 0.088671875 0.0875