43 0.43828125 0.3859375 0.0359375 0.09375
43 0.56640625 0.3890625 0.0375 0.09140625
43 0.51875 0.39375 0.028125 0.07890625
43 0.78125 0.3984375 0.03125 0.0828125
43 0.60703125 0.3890625 0.0390625 0.090625
43 0.6921875 0.390625 0.034375 0.09375
43 0.20546875 0.48984375 0.0625 0.11015625
43 0.36640625 0.6515625 0.0625 0.08515625
43 0.284375 0.4703125 0.0671875 0.06953125
43 0.74921875 0.4734375 0.06640625 0.05234375
43 0.28203125 0.55390625 0.071875 0.09296875
43 0.515625 0.49921875 0.07265625 0.10390625
43 0.365625 0.471875 0.0609375 0.06796875
43 0.74765625 0.55546875 0.06484375 0.109375
43 0.3625 0.55625 0.0609375 0.09609375
43 0.665625 0.4734375 0.05859375 0.0625
43 0.509375 0.66875 0.06015625 0.1
43 0.28671875 0.68046875 0.06484375 0.115625
43 0.44453125 0.4734375 0.05625 0.053125
43 0.6671875 0.56015625 0.05703125 0.0984375
43 0.36171875 0.74140625 0.05234375 0.09140625
43 0.440625 0.55234375 0.06015625 0.10390625
43 0.59140625 0.50234375 0.06171875 0.096875
43 0.825 0.48671875 0.059375 0.0609375
43 0.5890625 0.66875 0.06171875 0.08359375
43 0.825 0.56484375 0.0578125 0.09609375
43 0.58671875 0.7546875 0.059375 0.08203125
43 0.66484375 0.66015625 0.06484375 0.06484375
43 0.66640625 0.746875 0.06953125 0.0953125
43 0.2640625 0.859375 0.0328125 0.12109375
43 0.40859375 0.86875 0.0328125 0.13515625
43 0.36484375 0.8625 0.025 0.12265625
43 0.3109375 0.86015625 0.0359375 0.12265625