43 0.3515625 0.2171875 0.08984375 0.06484375
43 0.54140625 0.22265625 0.0765625 0.0703125
43 0.728125 0.2328125 0.11015625 0.06015625
43 0.3234375 0.31484375 0.13359375 0.0796875
43 0.5296875 0.32109375 0.1203125 0.0828125
43 0.7265625 0.31875 0.10703125 0.0671875
43 0.31015625 0.4296875 0.10703125 0.03515625
43 0.53984375 0.42109375 0.09296875 0.07265625
43 0.75859375 0.4265625 0.103125 0.07734375
43 0.28984375 0.5671875 0.146875 0.0953125
43 0.56171875 0.57265625 0.0703125 0.15
43 0.796875 0.56015625 0.09296875 0.1203125
43 0.23828125 0.78125 0.16328125 0.1421875
43 0.58515625 0.7875 0.15703125 0.06484375
43 0.84140625 0.8015625 0.08359375 0.1125