43 0.3921875 0.25234375 0.1154296875 0.1142578125
43 0.3890625 0.15234375 0.0814453125 0.0546875
43 0.5578125 0.2453125 0.0810546875 0.146875
43 0.54140625 0.1546875 0.059375 0.0591796875
43 0.7203125 0.28359375 0.1130859375 0.1138671875
43 0.71015625 0.19140625 0.0892578125 0.0486328125
43 0.375 0.528125 0.1337890625 0.133984375
43 0.38125 0.40234375 0.0943359375 0.0947265625
43 0.5390625 0.453125 0.105859375 0.10625
43 0.5984375 0.46015625 0.046484375 0.1671875
43 0.7484375 0.52578125 0.121484375 0.1205078125
43 0.73359375 0.4203125 0.0892578125 0.072265625
43 0.37578125 0.85546875 0.13125 0.1921875
43 0.384375 0.71015625 0.103125 0.1041015625
43 0.58125 0.84140625 0.1125 0.19375
43 0.57890625 0.69609375 0.1046875 0.0955078125
43 0.75859375 0.79375 0.126953125 0.1275390625
43 0.753125 0.66640625 0.087890625 0.088671875