43 0.45859375 0.378125 0.03046875 0.08125
43 0.56796875 0.3828125 0.0296875 0.07734375
43 0.5265625 0.3859375 0.02421875 0.0671875
43 0.7546875 0.39140625 0.025 0.0703125
43 0.603125 0.38125 0.02734375 0.08046875
43 0.67578125 0.38359375 0.0296875 0.08125
43 0.25703125 0.46796875 0.05390625 0.09609375
43 0.3953125 0.609375 0.05234375 0.0703125
43 0.32578125 0.45234375 0.05859375 0.05859375
43 0.72578125 0.45234375 0.05703125 0.04453125
43 0.3234375 0.52265625 0.0609375 0.08203125
43 0.52421875 0.47578125 0.06015625 0.0890625
43 0.39296875 0.45390625 0.053125 0.0578125
43 0.32734375 0.634375 0.05703125 0.0984375
43 0.72578125 0.52421875 0.059375 0.09609375
43 0.39375 0.52578125 0.053125 0.08359375
43 0.65390625 0.45390625 0.0484375 0.05078125
43 0.51953125 0.62421875 0.0515625 0.09140625
43 0.46328125 0.45625 0.04765625 0.04453125
43 0.65625 0.52578125 0.04921875 0.09296875
43 0.390625 0.68515625 0.04765625 0.07890625
43 0.45703125 0.521875 0.0515625 0.08515625
43 0.58828125 0.48046875 0.05078125 0.0828125
43 0.7921875 0.465625 0.0515625 0.05
43 0.5875 0.62421875 0.05390625 0.07109375
43 0.58515625 0.69453125 0.04921875 0.0703125
43 0.7921875 0.5328125 0.05234375 0.08046875
43 0.653125 0.61796875 0.05625 0.05703125
43 0.6546875 0.69140625 0.0609375 0.08515625
43 0.30546875 0.79296875 0.0265625 0.10859375
43 0.4296875 0.7953125 0.0265625 0.1171875
43 0.39296875 0.79296875 0.02109375 0.1078125
43 0.34296875 0.7921875 0.0265625 0.1078125