43 0.38671875 0.08828125 0.05859375 0.0234375
43 0.3796875 0.15 0.05859375 0.08984375
43 0.5171875 0.08203125 0.05859375 0.0234375
43 0.5203125 0.14765625 0.05859375 0.0984375
43 0.66875 0.17109375 0.075 0.09140625
43 0.6640625 0.1046875 0.07265625 0.03359375
43 0.36015625 0.246875 0.075 0.046875
43 0.34375 0.3328125 0.07265625 0.13828125
43 0.49296875 0.290625 0.03125 0.13203125
43 0.546875 0.29453125 0.0359375 0.13203125
43 0.6765625 0.2625 0.0890625 0.03515625
43 0.68359375 0.34296875 0.07734375 0.11640625
43 0.678125 0.44765625 0.07109375 0.0546875
43 0.67578125 0.54609375 0.0765625 0.125
43 0.5125 0.45703125 0.08515625 0.046875
43 0.50390625 0.565625 0.07734375 0.1546875
43 0.34453125 0.4640625 0.09140625 0.0515625
43 0.32265625 0.56328125 0.0875 0.15
43 0.2890625 0.721875 0.0921875 0.0765625
43 0.2734375 0.84296875 0.1078125 0.18984375
43 0.4609375 0.815625 0.04765625 0.225
43 0.5375 0.8171875 0.04765625 0.23203125
43 0.70703125 0.73046875 0.07890625 0.06796875
43 0.71953125 0.83203125 0.08359375 0.1265625