43 0.38125 0.27578125 0.093359375 0.0625
43 0.5484375 0.27734375 0.0875 0.0734375
43 0.71640625 0.284375 0.085546875 0.0849609375
43 0.36328125 0.36171875 0.1234375 0.075
43 0.53828125 0.3671875 0.0697265625 0.07109375
43 0.72265625 0.3703125 0.090625 0.0908203125
43 0.35078125 0.4734375 0.0919921875 0.0439453125
43 0.5171875 0.4703125 0.1279296875 0.0841796875
43 0.734375 0.46640625 0.1095703125 0.0732421875
43 0.3375 0.59453125 0.11875 0.09375
43 0.559375 0.59453125 0.065625 0.1236328125
43 0.746875 0.61953125 0.09296875 0.0923828125
43 0.32109375 0.76171875 0.1421875 0.1201171875
43 0.57578125 0.77734375 0.1013671875 0.101171875
43 0.78125 0.78828125 0.087109375 0.0861328125