43 0.3109375 0.08671875 0.1119140625 0.1111328125
43 0.528125 0.11640625 0.1216796875 0.1205078125
43 0.7546875 0.1328125 0.11875 0.103515625
43 0.2921875 0.2421875 0.116015625 0.1091796875
43 0.5140625 0.25625 0.13125 0.13125
43 0.73671875 0.26953125 0.1171875 0.1173828125
43 0.271875 0.4 0.13125 0.1314453125
43 0.5015625 0.4046875 0.093359375 0.0939453125
43 0.728125 0.40859375 0.0654296875 0.0861328125
43 0.2265625 0.5875 0.1125 0.050390625
43 0.48984375 0.596875 0.0982421875 0.0970703125
43 0.71484375 0.6125 0.139453125 0.140234375
43 0.21953125 0.7796875 0.130078125 0.1306640625
43 0.47421875 0.81015625 0.1517578125 0.151953125
43 0.69453125 0.81328125 0.1326171875 0.1140625