43 0.559375 0.30390625 0.0310546875 0.046875
43 0.6578125 0.384375 0.0595703125 0.059765625
43 0.56015625 0.38046875 0.0361328125 0.1048828125
43 0.7078125 0.29765625 0.044140625 0.0451171875
43 0.659375 0.30625 0.0564453125 0.056640625
43 0.70625 0.37734375 0.0662109375 0.0671875
43 0.30390625 0.48203125 0.0703125 0.065625
43 0.81328125 0.47109375 0.0673828125 0.053125
43 0.3015625 0.56328125 0.0849609375 0.0859375
43 0.55234375 0.471875 0.0609375 0.062109375
43 0.3875 0.47890625 0.0654296875 0.0580078125
43 0.81328125 0.553125 0.092578125 0.09296875
43 0.3890625 0.56328125 0.065625 0.1015625
43 0.721875 0.47421875 0.0625 0.0576171875
43 0.47421875 0.47734375 0.057421875 0.057421875
43 0.72265625 0.55859375 0.0673828125 0.1138671875
43 0.39453125 0.73359375 0.0578125 0.0763671875
43 0.4671875 0.55703125 0.066015625 0.1076171875
43 0.63359375 0.49609375 0.0796875 0.0796875
43 0.553125 0.55234375 0.091015625 0.091796875
43 0.396875 0.65703125 0.06875 0.0697265625
43 0.89921875 0.48046875 0.0583984375 0.0603515625
43 0.6296875 0.6625 0.0626953125 0.0779296875
43 0.89609375 0.56171875 0.0611328125 0.0982421875
43 0.6296875 0.74453125 0.059765625 0.08125
43 0.31640625 0.67578125 0.0580078125 0.1078125
43 0.54765625 0.665625 0.0708984375 0.0716796875
43 0.7171875 0.65859375 0.0685546875 0.0642578125
43 0.7140625 0.7375 0.0689453125 0.096875
43 0.40546875 0.84453125 0.0203125 0.0888671875
43 0.53671875 0.846875 0.0603515625 0.059765625
43 0.45 0.85078125 0.0662109375 0.0669921875
43 0.4890625 0.84375 0.06015625 0.0619140625