43 0.25234375 0.1921875 0.075 0.1
43 0.24765625 0.1296875 0.0736328125 0.027734375
43 0.3890625 0.190625 0.059375 0.100390625
43 0.37109375 0.13046875 0.0611328125 0.0203125
43 0.51328125 0.21875 0.0828125 0.0837890625
43 0.4984375 0.15703125 0.047265625 0.0482421875
43 0.2515625 0.36171875 0.112109375 0.111328125
43 0.24609375 0.2734375 0.0857421875 0.0404296875
43 0.38515625 0.32265625 0.08125 0.0822265625
43 0.43125 0.32421875 0.08046875 0.079296875
43 0.54453125 0.36015625 0.0669921875 0.1125
43 0.528125 0.28828125 0.0716796875 0.0263671875
43 0.2671875 0.571875 0.103125 0.1564453125
43 0.26796875 0.4734375 0.061328125 0.062109375
43 0.43515625 0.55859375 0.096875 0.1423828125
43 0.42578125 0.46328125 0.0828125 0.0421875
43 0.56796875 0.52421875 0.0669921875 0.1169921875
43 0.5578125 0.44375 0.0564453125 0.05625
43 0.25859375 0.70859375 0.1140625 0.0732421875
43 0.26875 0.82734375 0.1095703125 0.1640625
43 0.43125 0.775 0.065625 0.199609375
43 0.49609375 0.759375 0.065625 0.19375
43 0.63671875 0.74375 0.0857421875 0.115625
43 0.61171875 0.65859375 0.0611328125 0.0611328125