43 0.1953125 0.0765625 0.15234375 0.13046875
43 0.47890625 0.11171875 0.14765625 0.14453125
43 0.75625 0.13203125 0.14921875 0.14609375
43 0.19921875 0.2875 0.13359375 0.12890625
43 0.46953125 0.3078125 0.14921875 0.140625
43 0.73125 0.3140625 0.17265625 0.1296875
43 0.19921875 0.49375 0.1578125 0.1265625
43 0.4640625 0.48984375 0.153125 0.0640625
43 0.7234375 0.4921875 0.06875 0.09921875
43 0.16875 0.70859375 0.11953125 0.05703125
43 0.46171875 0.715625 0.0625 0.14765625
43 0.71015625 0.72421875 0.16640625 0.15234375
43 0.10703125 0.90625 0.08046875 0.16484375
43 0.45390625 0.9296875 0.1546875 0.140625
43 0.6890625 0.93515625 0.1375 0.10703125