43 0.1390625 0.1421875 0.175 0.209375
43 0.15234375 0.375 0.2109375 0.23203125
43 0.43046875 0.2109375 0.07578125 0.33515625
43 0.540625 0.20546875 0.0828125 0.33046875
43 0.85078125 0.13671875 0.20390625 0.19296875
43 0.8234375 0.3578125 0.20625 0.24765625
43 0.20546875 0.6453125 0.14609375 0.1765625
43 0.19765625 0.825 0.16640625 0.175
43 0.48671875 0.665625 0.16796875 0.19453125
43 0.46484375 0.84609375 0.16484375 0.175
43 0.79140625 0.6296875 0.17578125 0.18125
43 0.75546875 0.80546875 0.17265625 0.1734375