43 0.4125 0.4625 0.028125 0.08359375
43 0.4859375 0.46796875 0.02578125 0.07421875
43 0.52890625 0.46640625 0.0296875 0.07890625
43 0.56875 0.465625 0.034375 0.08671875
43 0.64609375 0.46796875 0.0328125 0.08671875
43 0.73125 0.47890625 0.02890625 0.07578125
43 0.7625 0.55625 0.05 0.05
43 0.7609375 0.62421875 0.05859375 0.0859375
43 0.69609375 0.6140625 0.0609375 0.096875
43 0.6953125 0.546875 0.0578125 0.046875
43 0.6203125 0.6125 0.0546875 0.096875
43 0.6203125 0.54609375 0.05234375 0.0453125
43 0.5515625 0.56015625 0.0546875 0.0796875
43 0.484375 0.55703125 0.0640625 0.08359375
43 0.41953125 0.534375 0.046875 0.046875
43 0.4109375 0.6078125 0.053125 0.0890625
43 0.34375 0.60859375 0.05546875 0.09453125
43 0.346875 0.5359375 0.05078125 0.05078125
43 0.2703125 0.603125 0.059375 0.08359375
43 0.2734375 0.5359375 0.0515625 0.05546875
43 0.2 0.54375 0.053125 0.0859375
43 0.2796875 0.7015625 0.0484375 0.096875
43 0.346875 0.6890625 0.0515625 0.06328125
43 0.34609375 0.75859375 0.04609375 0.0609375
43 0.4796875 0.7 0.0484375 0.07578125
43 0.54609375 0.7046875 0.05234375 0.06875
43 0.54296875 0.77109375 0.04765625 0.0640625
43 0.615625 0.69765625 0.0578125 0.053125
43 0.6140625 0.7640625 0.06171875 0.07890625
43 0.38828125 0.8625 0.02734375 0.096875
43 0.3515625 0.85859375 0.021875 0.08359375
43 0.30390625 0.85234375 0.03203125 0.0890625
43 0.26171875 0.85078125 0.02421875 0.08671875