43 0.30390625 0.78828125 0.1919921875 0.1921875
43 0.2984375 0.65390625 0.222265625 0.0732421875
43 0.05546875 0.77109375 0.0982421875 0.1109375
43 0.6921875 0.4953125 0.34375 0.3439453125
43 0.22890625 0.43359375 0.3603515625 0.3603515625
43 0.26015625 0.18515625 0.2482421875 0.2486328125
43 0.7015625 0.2171875 0.3126953125 0.3125
43 0.03359375 0.64921875 0.0671875 0.0671875
43 0.890625 0.79296875 0.206640625 0.1328125
43 0.07734375 0.9171875 0.105078125 0.105859375
43 0.22109375 0.92734375 0.0921875 0.0923828125
43 0.3734375 0.925 0.09609375 0.0962890625
43 0.521875 0.93515625 0.094140625 0.0947265625
43 0.96875 0.54375 0.0623046875 0.1404296875