43 0.3921875 0.25234375 0.08515625 0.14453125
43 0.3890625 0.15234375 0.08203125 0.0546875
43 0.5578125 0.2453125 0.08046875 0.146875
43 0.54140625 0.1546875 0.075 0.04296875
43 0.7203125 0.28359375 0.09453125 0.13359375
43 0.71015625 0.19140625 0.08984375 0.04921875
43 0.375 0.528125 0.10390625 0.1640625
43 0.38125 0.40234375 0.10703125 0.08203125
43 0.5390625 0.453125 0.0453125 0.165625
43 0.5984375 0.46015625 0.0453125 0.1671875
43 0.7484375 0.52578125 0.090625 0.15078125
43 0.73359375 0.4203125 0.08984375 0.0734375
43 0.37578125 0.85546875 0.13125 0.1921875
43 0.384375 0.71015625 0.1109375 0.09453125
43 0.58125 0.84140625 0.1125 0.19375
43 0.57890625 0.69609375 0.1046875 0.09609375
43 0.75859375 0.79375 0.0921875 0.16171875
43 0.753125 0.66640625 0.09375 0.0828125