43 0.41015625 0.23515625 0.0375 0.09921875
43 0.540625 0.2453125 0.0359375 0.0859375
43 0.49375 0.2484375 0.0296875 0.08046875
43 0.76015625 0.25703125 0.03046875 0.0828125
43 0.58359375 0.2484375 0.03671875 0.08359375
43 0.66953125 0.2515625 0.0359375 0.08671875
43 0.16484375 0.3453125 0.06484375 0.12109375
43 0.33125 0.521875 0.0609375 0.0765625
43 0.2515625 0.32890625 0.065625 0.059375
43 0.728125 0.33671875 0.0640625 0.0484375
43 0.24453125 0.409375 0.075 0.0953125
43 0.48984375 0.3625 0.07109375 0.109375
43 0.33203125 0.33125 0.0609375 0.0640625
43 0.72890625 0.41796875 0.0671875 0.11328125
43 0.3296875 0.41171875 0.0625 0.0921875
43 0.64296875 0.33671875 0.05703125 0.06015625
43 0.4828125 0.54765625 0.0625 0.10390625
43 0.41484375 0.3359375 0.05625 0.053125
43 0.64453125 0.4234375 0.0609375 0.10390625
43 0.3234375 0.6109375 0.06171875 0.10234375
43 0.24375 0.553125 0.06875 0.1140625
43 0.40859375 0.4109375 0.06640625 0.096875
43 0.56640625 0.3703125 0.06796875 0.10625
43 0.80546875 0.35390625 0.06015625 0.05625
43 0.56484375 0.540625 0.065625 0.08828125
43 0.80546875 0.43046875 0.0609375 0.09140625
43 0.56171875 0.6296875 0.059375 0.0828125
43 0.64140625 0.534375 0.06640625 0.065625
43 0.64296875 0.61796875 0.07109375 0.1015625
43 0.21484375 0.74375 0.03359375 0.1421875
43 0.37109375 0.7515625 0.03671875 0.14921875
43 0.265625 0.7515625 0.034375 0.13125
43 0.32265625 0.75390625 0.02578125 0.13359375