43 0.29921875 0.25625 0.18125 0.29140625
43 0.3203125 0.0640625 0.1703125 0.08828125
43 0.6 0.26875 0.16484375 0.296875
43 0.61328125 0.0640625 0.17109375 0.1
43 0.8671875 0.23046875 0.159375 0.24609375
43 0.8734375 0.05234375 0.15546875 0.1046875
43 0.2609375 0.721875 0.1890625 0.2265625
43 0.26171875 0.5375 0.178125 0.14140625
43 0.53984375 0.6734375 0.08984375 0.353125
43 0.65078125 0.66796875 0.08671875 0.34765625
43 0.9078125 0.68046875 0.140625 0.20078125
43 0.8984375 0.52109375 0.13203125 0.09609375