43 0.3 0.07421875 0.1162109375 0.1166015625
43 0.5390625 0.11640625 0.11484375 0.1134765625
43 0.76328125 0.1453125 0.109375 0.1095703125
43 0.2953125 0.22734375 0.133984375 0.109375
43 0.54375 0.2484375 0.1466796875 0.1158203125
43 0.7625 0.26640625 0.1470703125 0.0982421875
43 0.290625 0.3984375 0.1466796875 0.146875
43 0.54921875 0.40234375 0.1451171875 0.0609375
43 0.77890625 0.4046875 0.0767578125 0.090234375
43 0.24375 0.61640625 0.131640625 0.0625
43 0.56484375 0.6109375 0.0763671875 0.153125
43 0.80859375 0.61953125 0.1701171875 0.153125
43 0.25859375 0.85546875 0.0955078125 0.2140625
43 0.58203125 0.8671875 0.1927734375 0.19140625
43 0.8203125 0.84609375 0.1466796875 0.1361328125