43 0.4234375 0.11015625 0.05234375 0.0296875
43 0.425 0.178125 0.06015625 0.096875
43 0.5484375 0.0984375 0.05 0.0296875
43 0.5515625 0.16953125 0.05 0.0984375
43 0.684375 0.19921875 0.06875 0.0984375
43 0.684375 0.12890625 0.0734375 0.0453125
43 0.69140625 0.30234375 0.0671875 0.0484375
43 0.69140625 0.38046875 0.06484375 0.11484375
43 0.68359375 0.48984375 0.06484375 0.06328125
43 0.68125 0.58671875 0.0625 0.11328125
43 0.528125 0.3265625 0.03125 0.1203125
43 0.571875 0.32734375 0.0265625 0.125
43 0.39921875 0.37890625 0.0640625 0.11484375
43 0.4078125 0.28984375 0.06484375 0.06328125
43 0.38984375 0.59765625 0.06484375 0.13515625
43 0.4015625 0.5046875 0.0703125 0.06015625
43 0.5359375 0.5984375 0.0734375 0.13359375
43 0.54375 0.5 0.075 0.05703125
43 0.36484375 0.734375 0.075 0.06796875
43 0.36171875 0.83359375 0.0734375 0.1234375
43 0.503125 0.80859375 0.03359375 0.18671875
43 0.5609375 0.8078125 0.0375 0.19140625
43 0.6984375 0.7421875 0.06015625 0.06484375
43 0.71171875 0.8234375 0.07890625 0.08671875