43 0.115625 0.3703125 0.0453125 0.0875
43 0.1109375 0.4671875 0.06171875 0.10625
43 0.325 0.3703125 0.06640625 0.0734375
43 0.31484375 0.46484375 0.0765625 0.1171875
43 0.53671875 0.4765625 0.06640625 0.11484375
43 0.546875 0.3875 0.06015625 0.05234375
43 0.0921875 0.584375 0.128125 0.0890625
43 0.0828125 0.68984375 0.128125 0.1171875
43 0.265625 0.5765625 0.14140625 0.0765625
43 0.26484375 0.6859375 0.14296875 0.1359375
43 0.45078125 0.58671875 0.13203125 0.0734375
43 0.44609375 0.6921875 0.128125 0.1296875
43 0.6375 0.5875 0.1484375 0.06484375
43 0.63984375 0.69375 0.16640625 0.125
43 0.103125 0.8 0.10703125 0.08515625
43 0.27734375 0.8046875 0.128125 0.08125
43 0.09296875 0.90234375 0.11640625 0.11484375
43 0.2703125 0.91640625 0.1296875 0.1203125