43 0.36640625 0.23515625 0.05234375 0.0703125
43 0.46640625 0.2484375 0.04765625 0.08359375
43 0.56640625 0.26640625 0.04765625 0.06640625
43 0.35234375 0.3484375 0.0703125 0.0765625
43 0.45234375 0.35703125 0.0703125 0.0796875
43 0.5546875 0.36796875 0.05 0.0765625
43 0.3390625 0.4703125 0.04765625 0.03984375
43 0.44765625 0.4703125 0.0453125 0.06015625
43 0.55859375 0.4796875 0.0578125 0.0734375
43 0.3296875 0.6 0.06015625 0.0796875
43 0.44765625 0.60859375 0.03515625 0.1296875
43 0.55859375 0.6046875 0.0375 0.1234375
43 0.2984375 0.7703125 0.0671875 0.1203125
43 0.4390625 0.78671875 0.07265625 0.046875
43 0.5515625 0.803125 0.02734375 0.08671875