43 0.54609375 0.246875 0.02890625 0.03125
43 0.54921875 0.3109375 0.0296875 0.09765625
43 0.63046875 0.24296875 0.0265625 0.0625
43 0.63359375 0.31640625 0.02890625 0.08203125
43 0.67734375 0.24375 0.03046875 0.05
43 0.6765625 0.3140625 0.0296875 0.08984375
43 0.30625 0.40234375 0.0640625 0.08203125
43 0.30234375 0.4859375 0.06640625 0.0859375
43 0.38671875 0.48359375 0.0609375 0.0921875
43 0.384375 0.40078125 0.0609375 0.071875
43 0.465625 0.403125 0.05234375 0.04765625
43 0.459375 0.47890625 0.0625 0.10234375
43 0.5375 0.4 0.0734375 0.046875
43 0.5390625 0.47734375 0.07421875 0.10546875
43 0.61484375 0.43125 0.05390625 0.0953125
43 0.696875 0.48359375 0.06171875 0.1109375
43 0.690625 0.40078125 0.0609375 0.0546875
43 0.77578125 0.396875 0.06484375 0.05
43 0.7765625 0.4796875 0.0609375 0.10703125
43 0.8515625 0.4125 0.05390625 0.06015625
43 0.853125 0.4890625 0.065625 0.0890625
43 0.309375 0.60703125 0.0625 0.1078125
43 0.38984375 0.58359375 0.06171875 0.07890625
43 0.38515625 0.6703125 0.05390625 0.0875
43 0.53203125 0.59921875 0.05546875 0.103125
43 0.61015625 0.60078125 0.0546875 0.08125
43 0.6125 0.68203125 0.06015625 0.0796875
43 0.690625 0.59453125 0.0640625 0.0625
43 0.69296875 0.67421875 0.06953125 0.096875
43 0.38671875 0.7921875 0.021875 0.121875
43 0.51953125 0.7953125 0.0328125 0.1203125
43 0.46953125 0.7953125 0.034375 0.12109375
43 0.43046875 0.796875 0.03515625 0.13359375