43 0.35390625 0.078125 0.0640625 0.040625
43 0.35 0.15078125 0.0671875 0.10859375
43 0.48125 0.06875 0.059375 0.03671875
43 0.48515625 0.140625 0.06640625 0.11484375
43 0.62265625 0.09609375 0.071875 0.046875
43 0.62578125 0.171875 0.0796875 0.10546875
43 0.33046875 0.25546875 0.0734375 0.05859375
43 0.32265625 0.3515625 0.07890625 0.13515625
43 0.45859375 0.29765625 0.0390625 0.134375
43 0.50546875 0.3015625 0.03359375 0.1265625
43 0.6296875 0.2703125 0.07890625 0.04921875
43 0.63046875 0.35546875 0.08203125 0.11953125
43 0.3234375 0.4828125 0.08359375 0.0609375
43 0.3046875 0.58125 0.0984375 0.14140625
43 0.478125 0.475 0.0875 0.06015625
43 0.46796875 0.57890625 0.0875 0.153125
43 0.62578125 0.46171875 0.07734375 0.0671875
43 0.6171875 0.5578125 0.08359375 0.13125
43 0.28046875 0.725 0.090625 0.078125
43 0.2734375 0.83671875 0.0984375 0.13984375
43 0.42890625 0.803125 0.04453125 0.19375
43 0.490625 0.79921875 0.0484375 0.20234375
43 0.63984375 0.72421875 0.07890625 0.065625
43 0.6453125 0.81484375 0.07890625 0.1140625