43 0.19140625 0.3796875 0.0326171875 0.0466796875
43 0.7078125 0.634375 0.050390625 0.05078125
43 0.1890625 0.45078125 0.0408203125 0.096875
43 0.421875 0.546875 0.028125 0.06875
43 0.2625 0.37421875 0.0716796875 0.065625
43 0.73671875 0.37578125 0.057421875 0.057421875
43 0.2625 0.45078125 0.0751953125 0.09375
43 0.49921875 0.371875 0.061328125 0.06171875
43 0.340625 0.3734375 0.0662109375 0.06640625
43 0.425 0.3734375 0.059375 0.058984375
43 0.41796875 0.44921875 0.080078125 0.080078125
43 0.57578125 0.39765625 0.0638671875 0.090625
43 0.49765625 0.44921875 0.06875 0.1017578125
43 0.353125 0.5453125 0.066015625 0.065625
43 0.6546875 0.37578125 0.0595703125 0.0607421875
43 0.49375 0.553125 0.06875 0.068359375
43 0.65390625 0.4578125 0.0625 0.1033203125
43 0.7328125 0.45234375 0.090625 0.0896484375
43 0.27890625 0.56171875 0.0859375 0.0857421875
43 0.35234375 0.61875 0.0546875 0.069140625
43 0.428125 0.62109375 0.055859375 0.055078125
43 0.56953125 0.5515625 0.0580078125 0.077734375
43 0.81328125 0.38359375 0.05625 0.0552734375
43 0.80859375 0.4625 0.0609375 0.0875
43 0.56640625 0.6265625 0.065625 0.0658203125
43 0.64609375 0.54765625 0.0646484375 0.0646484375
43 0.64296875 0.6234375 0.0794921875 0.0787109375
43 0.7046875 0.55625 0.028515625 0.0716796875
43 0.36015625 0.72265625 0.0203125 0.090625
43 0.4828125 0.721875 0.0599609375 0.0619140625
43 0.4015625 0.73046875 0.0283203125 0.0986328125
43 0.43671875 0.72109375 0.0326171875 0.0888671875