43 0.40859375 0.46796875 0.11015625 0.0875
43 0.7 0.5671875 0.1171875 0.153125
43 0.41640625 0.5828125 0.0875 0.14453125
43 0.71171875 0.4546875 0.11328125 0.06640625
43 0.97890625 0.59921875 0.0421875 0.13046875
43 0.16875 0.803125 0.2 0.1328125
43 0.15625 0.7109375 0.15703125 0.05078125
43 0.40078125 0.71328125 0.17109375 0.0609375
43 0.61015625 0.9484375 0.14296875 0.103125
43 0.634375 0.80625 0.20390625 0.1375
43 0.60703125 0.69921875 0.1484375 0.04453125
43 0.4125 0.95390625 0.14921875 0.09140625
43 0.22890625 0.89296875 0.128125 0.0390625
43 0.39375 0.80703125 0.16875 0.121875
43 0.84296875 0.71171875 0.1390625 0.05625
43 0.8453125 0.80546875 0.16328125 0.1171875
43 0.42109375 0.89140625 0.153125 0.03046875
43 0.60625 0.88671875 0.15625 0.01953125