43 0.1953125 0.0765625 0.1529296875 0.1310546875
43 0.47890625 0.11171875 0.1482421875 0.1451171875
43 0.75625 0.13203125 0.1498046875 0.1455078125
43 0.19921875 0.2875 0.1302734375 0.1310546875
43 0.46953125 0.3078125 0.1451171875 0.144140625
43 0.73125 0.3140625 0.1720703125 0.128515625
43 0.19921875 0.49375 0.1578125 0.125390625
43 0.4640625 0.48984375 0.108984375 0.108203125
43 0.7234375 0.4921875 0.06875 0.0998046875
43 0.16875 0.70859375 0.1189453125 0.0576171875
43 0.46171875 0.715625 0.0625 0.1470703125
43 0.71015625 0.72421875 0.1583984375 0.1603515625
43 0.10703125 0.90625 0.0798828125 0.1654296875
43 0.45390625 0.9296875 0.1546875 0.140625
43 0.6890625 0.93515625 0.1375 0.1076171875