43 0.55390625 0.3171875 0.0296875 0.0404296875
43 0.65 0.39921875 0.0619140625 0.0615234375
43 0.55625 0.390625 0.0716796875 0.072265625
43 0.69921875 0.3078125 0.0453125 0.0443359375
43 0.6515625 0.315625 0.0529296875 0.0533203125
43 0.6984375 0.3890625 0.0345703125 0.103125
43 0.29921875 0.49140625 0.0705078125 0.0673828125
43 0.8046875 0.48046875 0.0591796875 0.0583984375
43 0.296875 0.575 0.0869140625 0.087109375
43 0.5484375 0.48046875 0.0623046875 0.0615234375
43 0.38203125 0.4875 0.065625 0.062890625
43 0.80390625 0.56328125 0.0767578125 0.1107421875
43 0.38359375 0.57578125 0.0701171875 0.1107421875
43 0.71171875 0.48359375 0.059375 0.059375
43 0.46953125 0.4859375 0.0580078125 0.0591796875
43 0.71484375 0.56953125 0.0732421875 0.1138671875
43 0.38984375 0.7484375 0.0732421875 0.0720703125
43 0.46484375 0.5703125 0.0703125 0.1095703125
43 0.62890625 0.50703125 0.0671875 0.0982421875
43 0.54921875 0.5625 0.0736328125 0.1154296875
43 0.39296875 0.66640625 0.069921875 0.069921875
43 0.88671875 0.4875 0.0603515625 0.06171875
43 0.884375 0.57109375 0.083984375 0.0833984375
43 0.62265625 0.75625 0.0625 0.0814453125
43 0.6265625 0.6734375 0.071484375 0.0720703125
43 0.31328125 0.69140625 0.089453125 0.0892578125
43 0.5421875 0.67578125 0.07734375 0.0763671875
43 0.7078125 0.66953125 0.0681640625 0.0677734375
43 0.70546875 0.75078125 0.0857421875 0.0859375
43 0.53203125 0.86171875 0.0638671875 0.0640625
43 0.3984375 0.86015625 0.0595703125 0.060546875
43 0.44375 0.8671875 0.06953125 0.0693359375
43 0.48359375 0.86015625 0.063671875 0.063671875