43 0.284375 0.14296875 0.1025390625 0.101953125
43 0.4984375 0.1453125 0.1060546875 0.1001953125
43 0.70859375 0.15390625 0.1140625 0.1140625
43 0.2609375 0.275 0.14375 0.0998046875
43 0.4765625 0.28359375 0.12265625 0.1232421875
43 0.690625 0.28046875 0.13125 0.0955078125
43 0.24765625 0.4296875 0.1013671875 0.053125
43 0.47109375 0.41796875 0.0955078125 0.0955078125
43 0.70234375 0.421875 0.1177734375 0.1185546875
43 0.23046875 0.58125 0.1236328125 0.1064453125
43 0.478125 0.58203125 0.065625 0.14375
43 0.70625 0.575 0.062109375 0.125390625
43 0.19375 0.78359375 0.14375 0.14375
43 0.4828125 0.78984375 0.159765625 0.0640625
43 0.69765625 0.809375 0.0859375 0.08671875