43 0.60234375 0.92421875 0.1515625 0.1515625
43 0.62890625 0.81640625 0.1083984375 0.1083984375
43 0.4 0.8703125 0.1125 0.1904296875
43 0.3 0.8546875 0.1125 0.184375
43 0.1421875 0.846875 0.1248046875 0.21875
43 0.071875 0.82734375 0.14375 0.1640625
43 0.65 0.58515625 0.16953125 0.1703125
43 0.6765625 0.4765625 0.1130859375 0.1130859375
43 0.4125 0.59140625 0.1587890625 0.1583984375
43 0.42421875 0.48046875 0.1482421875 0.0642578125
43 0.159375 0.571875 0.1564453125 0.1220703125
43 0.17890625 0.46953125 0.1361328125 0.0640625
43 0.71875 0.35234375 0.1462890625 0.145703125
43 0.71640625 0.25234375 0.096875 0.096875
43 0.4625 0.35390625 0.1373046875 0.1365234375
43 0.49609375 0.2515625 0.0890625 0.0880859375
43 0.21484375 0.3328125 0.126953125 0.1279296875
43 0.2390625 0.24609375 0.1248046875 0.0515625
43 0.740625 0.16015625 0.1275390625 0.1267578125
43 0.75546875 0.06875 0.0767578125 0.077734375
43 0.51875 0.15859375 0.1033203125 0.1171875
43 0.55234375 0.08125 0.0705078125 0.0712890625
43 0.29921875 0.16328125 0.1201171875 0.1169921875
43 0.315625 0.07578125 0.130859375 0.0548828125