43 0.54609375 0.246875 0.0294921875 0.03125
43 0.54921875 0.3109375 0.0296875 0.0970703125
43 0.63046875 0.24296875 0.044921875 0.044921875
43 0.63359375 0.31640625 0.0294921875 0.0826171875
43 0.67734375 0.24375 0.0298828125 0.05
43 0.6765625 0.3140625 0.028515625 0.0904296875
43 0.30625 0.40234375 0.07421875 0.0728515625
43 0.30234375 0.4859375 0.0759765625 0.07734375
43 0.38671875 0.48359375 0.0765625 0.0765625
43 0.384375 0.40078125 0.062109375 0.071875
43 0.465625 0.403125 0.0529296875 0.0470703125
43 0.459375 0.47890625 0.081640625 0.0826171875
43 0.5375 0.4 0.059765625 0.06171875
43 0.5390625 0.47734375 0.0900390625 0.0896484375
43 0.61484375 0.43125 0.0736328125 0.075
43 0.696875 0.48359375 0.0869140625 0.086328125
43 0.690625 0.40078125 0.062109375 0.0546875
43 0.77578125 0.396875 0.0642578125 0.05
43 0.7765625 0.4796875 0.083984375 0.0837890625
43 0.8515625 0.4125 0.0533203125 0.0595703125
43 0.853125 0.4890625 0.065625 0.090234375
43 0.309375 0.60703125 0.084765625 0.085546875
43 0.38984375 0.58359375 0.0705078125 0.0701171875
43 0.38515625 0.6703125 0.0544921875 0.0875
43 0.53203125 0.59921875 0.0794921875 0.079296875
43 0.61015625 0.60078125 0.0546875 0.08125
43 0.6125 0.68203125 0.0693359375 0.069921875
43 0.690625 0.59453125 0.062890625 0.0625
43 0.69296875 0.67421875 0.0830078125 0.083203125
43 0.38671875 0.7921875 0.021875 0.121875
43 0.51953125 0.7953125 0.0328125 0.121484375
43 0.46953125 0.7953125 0.078125 0.0779296875
43 0.43046875 0.796875 0.0853515625 0.0845703125