43 0.2546875 0.59453125 0.134765625 0.06875
43 0.3359375 0.0828125 0.115625 0.1158203125
43 0.56484375 0.1265625 0.109375 0.1091796875
43 0.78125 0.1625 0.106640625 0.109375
43 0.3234375 0.2328125 0.1251953125 0.1095703125
43 0.5625 0.2609375 0.1314453125 0.13125
43 0.77109375 0.278125 0.134375 0.1001953125
43 0.30625 0.3953125 0.14375 0.143359375
43 0.553125 0.4046875 0.102734375 0.10234375
43 0.7765625 0.41171875 0.0875 0.0865234375
43 0.5578125 0.60078125 0.0875 0.15625
43 0.784375 0.61640625 0.1494140625 0.1486328125
43 0.25859375 0.81875 0.1546875 0.1556640625
43 0.55078125 0.83515625 0.1736328125 0.1794921875
43 0.78515625 0.83203125 0.1421875 0.1330078125