43 0.2734375 0.6484375 0.121875 0.122265625
43 0.26953125 0.5484375 0.1240234375 0.1248046875
43 0.06171875 0.5609375 0.1234375 0.13125
43 0.22734375 0.3953125 0.2921875 0.196484375
43 0.52734375 0.3734375 0.2677734375 0.268359375
43 0.5484375 0.18984375 0.2376953125 0.1111328125
43 0.8375 0.41796875 0.303125 0.215625
43 0.85234375 0.221875 0.2953125 0.156640625
43 0.41640625 0.79609375 0.079296875 0.079296875
43 0.309375 0.775 0.040625 0.0625
43 0.1703125 0.765625 0.0595703125 0.0626953125
43 0.040625 0.7546875 0.04296875 0.041015625
43 0.73671875 0.5765625 0.1517578125 0.1525390625
43 0.921875 0.70703125 0.134765625 0.135546875
43 0.9625 0.58046875 0.071875 0.0892578125
43 0.18125 0.1921875 0.2716796875 0.1689453125