43 0.1625 0.3609375 0.15 0.29453125
43 0.26875 0.24296875 0.12734375 0.13046875
43 0.4015625 0.13515625 0.1359375 0.24296875
43 0.50390625 0.06171875 0.0984375 0.12265625
43 0.58828125 0.34296875 0.20703125 0.30546875
43 0.69609375 0.22578125 0.13203125 0.11640625
43 0.79765625 0.05546875 0.134375 0.1109375
43 0.8734375 0.08671875 0.13671875 0.16953125
43 0.621875 0.875 0.1984375 0.24921875
43 0.70703125 0.7421875 0.14765625 0.1375
43 0.79765625 0.5328125 0.184375 0.284375
43 0.90078125 0.42109375 0.09609375 0.1375
43 0.9484375 0.30703125 0.103125 0.1140625
43 0.97109375 0.20390625 0.05703125 0.1
43 0.35234375 0.54140625 0.17421875 0.2484375
43 0.4296875 0.63203125 0.2015625 0.24921875