43 0.56171875 0.24765625 0.02734375 0.0359375
43 0.65 0.321875 0.02734375 0.084375
43 0.5625 0.3171875 0.03203125 0.09921875
43 0.69296875 0.2453125 0.028125 0.0515625
43 0.64921875 0.2453125 0.03125 0.06875
43 0.69453125 0.31796875 0.0328125 0.09375
43 0.321875 0.4046875 0.06796875 0.06953125
43 0.7953125 0.4 0.0640625 0.05234375
43 0.31953125 0.48984375 0.071875 0.096875
43 0.55703125 0.4 0.07734375 0.04296875
43 0.40078125 0.40625 0.06171875 0.0703125
43 0.79453125 0.484375 0.06953125 0.11328125
43 0.32734375 0.61953125 0.0640625 0.11328125
43 0.4828125 0.40859375 0.0578125 0.05390625
43 0.7140625 0.48828125 0.065625 0.11171875
43 0.40078125 0.6734375 0.059375 0.09609375
43 0.47734375 0.48671875 0.0640625 0.10234375
43 0.6328125 0.434375 0.0625 0.1015625
43 0.55625 0.4796875 0.0703125 0.11484375
43 0.40546875 0.5875 0.06328125 0.07890625
43 0.7109375 0.40546875 0.05703125 0.0625
43 0.40234375 0.49140625 0.06328125 0.09375
43 0.55078125 0.60546875 0.06015625 0.10625
43 0.87421875 0.41328125 0.06328125 0.06328125
43 0.63125 0.60234375 0.06796875 0.08671875
43 0.87265625 0.49453125 0.06328125 0.096875
43 0.628125 0.6890625 0.06015625 0.08125
43 0.71015625 0.59453125 0.065625 0.06640625
43 0.71015625 0.68203125 0.0734375 0.1
43 0.53671875 0.8015625 0.0296875 0.12265625
43 0.40546875 0.80078125 0.02109375 0.12109375
43 0.4484375 0.80625 0.0328125 0.1328125
43 0.4875 0.80078125 0.03125 0.121875