43 0.23125 0.27734375 0.1568359375 0.1578125
43 0.23984375 0.18046875 0.110546875 0.1103515625
43 0.2625 0.09296875 0.1349609375 0.1357421875
43 0.2703125 0.0140625 0.153125 0.028125
43 0.5171875 0.30546875 0.146484375 0.1458984375
43 0.51875 0.21171875 0.09375 0.0947265625
43 0.5203125 0.11953125 0.1064453125 0.1138671875
43 0.546875 0.04765625 0.084375 0.0830078125
43 0.7375 0.1421875 0.1193359375 0.12109375
43 0.7234375 0.065625 0.0751953125 0.075390625
43 0.21640625 0.54453125 0.2125 0.1544921875
43 0.209375 0.43046875 0.12578125 0.1265625
43 0.53203125 0.55390625 0.1615234375 0.1625
43 0.50546875 0.43828125 0.15625 0.0669921875
43 0.7703125 0.534375 0.165625 0.156640625
43 0.7546875 0.4328125 0.147265625 0.052734375
43 0.16328125 0.86875 0.1125 0.2625
43 0.28359375 0.86640625 0.1140625 0.2576171875
43 0.48203125 0.853125 0.1109375 0.219140625
43 0.60390625 0.84609375 0.0798828125 0.20625
43 0.83046875 0.86328125 0.1607421875 0.13125
43 0.8078125 0.7546875 0.10859375 0.10859375
43 0.7640625 0.31015625 0.131640625 0.1322265625
43 0.7484375 0.22734375 0.128515625 0.04375