43 0.3171875 0.50703125 0.078125 0.09609375
43 0.31875 0.4265625 0.0703125 0.065625
43 0.39609375 0.51171875 0.0640625 0.09765625
43 0.39765625 0.42890625 0.0625 0.06875
43 0.475 0.50703125 0.06875 0.1046875
43 0.48046875 0.42890625 0.0578125 0.0515625
43 0.553125 0.50234375 0.07109375 0.1140625
43 0.5546875 0.425 0.07421875 0.04140625
43 0.628125 0.45859375 0.05859375 0.0984375
43 0.7125 0.515625 0.0609375 0.10546875
43 0.709375 0.42734375 0.053125 0.053125
43 0.79609375 0.50625 0.0671875 0.11328125
43 0.79296875 0.425 0.0609375 0.05
43 0.56328125 0.3359375 0.03125 0.09609375
43 0.56171875 0.26953125 0.02734375 0.03359375
43 0.6515625 0.34296875 0.0296875 0.08203125
43 0.64765625 0.2703125 0.02890625 0.0640625
43 0.69296875 0.3375 0.0328125 0.08828125
43 0.6921875 0.2703125 0.02734375 0.04765625
43 0.871875 0.515625 0.06015625 0.096875
43 0.87109375 0.4375 0.053125 0.05703125
43 0.32109375 0.64453125 0.06484375 0.11953125
43 0.39765625 0.70234375 0.0578125 0.09453125
43 0.4015625 0.6140625 0.0609375 0.08203125
43 0.54765625 0.6296875 0.05703125 0.10390625
43 0.6265625 0.71328125 0.05859375 0.084375
43 0.62421875 0.62734375 0.05546875 0.08515625
43 0.71015625 0.6984375 0.0671875 0.08359375
43 0.70859375 0.62109375 0.0640625 0.06015625
43 0.53515625 0.8328125 0.03046875 0.1234375
43 0.48359375 0.83359375 0.03125 0.1265625
43 0.44375 0.834375 0.03046875 0.13046875
43 0.39921875 0.83359375 0.0203125 0.12421875