43 0.35390625 0.078125 0.051953125 0.052734375
43 0.35 0.15078125 0.0875 0.0888671875
43 0.48125 0.06875 0.059375 0.0373046875
43 0.48515625 0.140625 0.0916015625 0.0908203125
43 0.62265625 0.09609375 0.071875 0.046875
43 0.62578125 0.171875 0.0796875 0.1060546875
43 0.33046875 0.25546875 0.0734375 0.0580078125
43 0.32265625 0.3515625 0.1072265625 0.1068359375
43 0.45859375 0.29765625 0.086328125 0.086328125
43 0.50546875 0.3015625 0.0330078125 0.127734375
43 0.6296875 0.2703125 0.0650390625 0.0630859375
43 0.63046875 0.35546875 0.1013671875 0.1013671875
43 0.3234375 0.4828125 0.0716796875 0.072265625
43 0.3046875 0.58125 0.097265625 0.1408203125
43 0.478125 0.475 0.0875 0.0595703125
43 0.46796875 0.57890625 0.1203125 0.1203125
43 0.62578125 0.46171875 0.0728515625 0.071875
43 0.6171875 0.5578125 0.0841796875 0.13125
43 0.28046875 0.725 0.084375 0.084375
43 0.2734375 0.83671875 0.097265625 0.1392578125
43 0.42890625 0.803125 0.1197265625 0.119140625
43 0.490625 0.79921875 0.049609375 0.2017578125
43 0.63984375 0.72421875 0.0794921875 0.065625
43 0.6453125 0.81484375 0.0966796875 0.095703125