43 0.30078125 0.05625 0.1140625 0.0640625
43 0.3 0.14375 0.115625 0.11015625
43 0.54921875 0.071875 0.1015625 0.04140625
43 0.53359375 0.1484375 0.11015625 0.11171875
43 0.73828125 0.0734375 0.10546875 0.046875
43 0.7359375 0.15703125 0.11484375 0.11796875
43 0.271875 0.23984375 0.1296875 0.06171875
43 0.2640625 0.321875 0.14765625 0.11015625
43 0.52421875 0.24453125 0.125 0.06328125
43 0.509375 0.33515625 0.134375 0.121875
43 0.73046875 0.246875 0.11328125 0.05625
43 0.73984375 0.3328125 0.1234375 0.1078125
43 0.246875 0.46328125 0.14375 0.07109375
43 0.25546875 0.55625 0.1625 0.1140625
43 0.49296875 0.46171875 0.125 0.06875
43 0.5046875 0.56171875 0.14296875 0.11484375
43 0.7234375 0.4515625 0.1390625 0.06484375
43 0.71953125 0.5484375 0.1453125 0.11953125
43 0.2078125 0.79140625 0.07421875 0.1734375
43 0.29765625 0.79609375 0.0671875 0.1765625
43 0.44921875 0.78984375 0.06484375 0.1546875
43 0.5421875 0.7953125 0.06796875 0.1546875
43 0.72578125 0.73984375 0.125 0.0703125
43 0.73046875 0.8234375 0.1265625 0.09140625