43 0.3515625 0.2171875 0.0779296875 0.0779296875
43 0.54140625 0.22265625 0.0734375 0.0734375
43 0.728125 0.2328125 0.0845703125 0.0845703125
43 0.3234375 0.31484375 0.1064453125 0.107421875
43 0.5296875 0.32109375 0.10234375 0.101953125
43 0.7265625 0.31875 0.1064453125 0.068359375
43 0.31015625 0.4296875 0.0705078125 0.0716796875
43 0.53984375 0.42109375 0.0923828125 0.0732421875
43 0.75859375 0.4265625 0.103125 0.0779296875
43 0.28984375 0.5671875 0.121875 0.121484375
43 0.56171875 0.57265625 0.110546875 0.110546875
43 0.796875 0.56015625 0.1064453125 0.107421875
43 0.23828125 0.78125 0.1638671875 0.143359375
43 0.58515625 0.7875 0.1576171875 0.0654296875
43 0.84140625 0.8015625 0.0830078125 0.1125