43 0.2734375 0.6484375 0.153125 0.0921875
43 0.26953125 0.5484375 0.15234375 0.09765625
43 0.05859375 0.5609375 0.1109375 0.1515625
43 0.22734375 0.3953125 0.2921875 0.1953125
43 0.52734375 0.3734375 0.28984375 0.246875
43 0.5484375 0.18984375 0.23828125 0.11171875
43 0.8375 0.41796875 0.303125 0.215625
43 0.85234375 0.221875 0.2953125 0.1578125
43 0.41640625 0.79609375 0.065625 0.0921875
43 0.309375 0.775 0.040625 0.0625
43 0.1703125 0.765625 0.06015625 0.06328125
43 0.040625 0.7546875 0.03125 0.0515625
43 0.73671875 0.5765625 0.19453125 0.10859375
43 0.921875 0.70703125 0.15625 0.1140625
43 0.9625 0.58046875 0.071875 0.08984375
43 0.18125 0.1921875 0.27109375 0.16953125