43 0.4234375 0.11015625 0.0408203125 0.041796875
43 0.425 0.178125 0.0595703125 0.096875
43 0.5484375 0.0984375 0.05 0.028515625
43 0.5515625 0.16953125 0.05 0.0984375
43 0.684375 0.19921875 0.06875 0.0984375
43 0.684375 0.12890625 0.059375 0.060546875
43 0.69140625 0.30234375 0.0578125 0.0578125
43 0.69140625 0.38046875 0.0642578125 0.1142578125
43 0.68359375 0.48984375 0.0642578125 0.0638671875
43 0.68125 0.58671875 0.0625 0.1138671875
43 0.528125 0.3265625 0.03125 0.121484375
43 0.571875 0.32734375 0.025390625 0.125
43 0.39921875 0.37890625 0.0640625 0.1142578125
43 0.4078125 0.28984375 0.0654296875 0.0638671875
43 0.38984375 0.59765625 0.1009765625 0.0990234375
43 0.4015625 0.5046875 0.071484375 0.0595703125
43 0.5359375 0.5984375 0.072265625 0.1341796875
43 0.54375 0.5 0.075 0.0564453125
43 0.36484375 0.734375 0.071875 0.0716796875
43 0.36171875 0.83359375 0.0984375 0.0984375
43 0.503125 0.80859375 0.0341796875 0.1861328125
43 0.5609375 0.8078125 0.0375 0.1908203125
43 0.6984375 0.7421875 0.0595703125 0.0654296875
43 0.71171875 0.8234375 0.0830078125 0.0837890625