43 0.36640625 0.23515625 0.0517578125 0.0703125
43 0.46640625 0.2484375 0.0482421875 0.0841796875
43 0.56640625 0.26640625 0.0576171875 0.0576171875
43 0.35234375 0.3484375 0.073828125 0.07265625
43 0.45234375 0.35703125 0.075 0.075
43 0.5546875 0.36796875 0.062890625 0.063671875
43 0.3390625 0.4703125 0.0470703125 0.0404296875
43 0.44765625 0.4703125 0.0453125 0.0595703125
43 0.55859375 0.4796875 0.064453125 0.065625
43 0.3296875 0.6 0.0712890625 0.069140625
43 0.44765625 0.60859375 0.0826171875 0.0828125
43 0.55859375 0.6046875 0.0796875 0.080859375
43 0.2984375 0.7703125 0.066015625 0.121484375
43 0.4390625 0.78671875 0.0595703125 0.059375
43 0.5515625 0.803125 0.0568359375 0.0568359375