43 0.55390625 0.3171875 0.0296875 0.03984375
43 0.65 0.39921875 0.03046875 0.09296875
43 0.55625 0.390625 0.03671875 0.1078125
43 0.69921875 0.3078125 0.03125 0.05859375
43 0.6515625 0.315625 0.03671875 0.06953125
43 0.6984375 0.3890625 0.03515625 0.103125
43 0.29921875 0.49140625 0.07109375 0.06796875
43 0.8046875 0.48046875 0.06640625 0.05234375
43 0.296875 0.575 0.07890625 0.0953125
43 0.5484375 0.48046875 0.07890625 0.04609375
43 0.38203125 0.4875 0.065625 0.0640625
43 0.80390625 0.56328125 0.07734375 0.11015625
43 0.38359375 0.57578125 0.06953125 0.11015625
43 0.71171875 0.48359375 0.0578125 0.0609375
43 0.46953125 0.4859375 0.05859375 0.05859375
43 0.71484375 0.56953125 0.07265625 0.11328125
43 0.38984375 0.7484375 0.06171875 0.08359375
43 0.46484375 0.5703125 0.0703125 0.11015625
43 0.62890625 0.50703125 0.0671875 0.09765625
43 0.54921875 0.5625 0.07421875 0.11484375
43 0.39296875 0.66640625 0.0640625 0.075
43 0.88671875 0.4875 0.05703125 0.0640625
43 0.884375 0.57109375 0.06875 0.09921875
43 0.62265625 0.75625 0.0625 0.08203125
43 0.6265625 0.6734375 0.0640625 0.07890625
43 0.31328125 0.69140625 0.065625 0.11328125
43 0.5421875 0.67578125 0.0609375 0.09296875
43 0.7078125 0.66953125 0.06796875 0.06796875
43 0.70546875 0.75078125 0.07265625 0.0984375
43 0.53203125 0.86171875 0.03203125 0.0953125
43 0.3984375 0.86015625 0.02421875 0.0953125
43 0.44375 0.8671875 0.03125 0.10859375
43 0.48359375 0.86015625 0.03125 0.0953125