43 0.1703125 0.33125 0.0724609375 0.0744140625
43 0.17421875 0.25859375 0.0328125 0.0421875
43 0.24921875 0.33203125 0.0736328125 0.1078125
43 0.25078125 0.24296875 0.0638671875 0.0705078125
43 0.33828125 0.33671875 0.0833984375 0.0833984375
43 0.3359375 0.24609375 0.0712890625 0.0705078125
43 0.41875 0.33046875 0.0912109375 0.0916015625
43 0.42578125 0.2453125 0.059375 0.0501953125
43 0.5046875 0.3265625 0.1005859375 0.100390625
43 0.5046875 0.2421875 0.0595703125 0.059375
43 0.58515625 0.28125 0.0638671875 0.1064453125
43 0.6703125 0.33515625 0.0931640625 0.0923828125
43 0.67109375 0.2484375 0.0673828125 0.0625
43 0.76171875 0.3328125 0.0951171875 0.094140625
43 0.7625 0.24453125 0.0658203125 0.065625
43 0.84453125 0.34609375 0.0669921875 0.1078125
43 0.846875 0.2609375 0.059375 0.0623046875
43 0.26015625 0.46953125 0.0888671875 0.0892578125
43 0.340625 0.53515625 0.0595703125 0.1017578125
43 0.34375 0.44296875 0.071875 0.0708984375
43 0.425 0.540625 0.0373046875 0.0998046875
43 0.41953125 0.4609375 0.034375 0.071484375
43 0.50078125 0.4640625 0.0828125 0.08359375
43 0.5796875 0.55234375 0.0626953125 0.0826171875
43 0.58125 0.465625 0.075 0.074609375
43 0.66484375 0.540625 0.078125 0.1064453125
43 0.66875 0.4609375 0.068359375 0.06875
43 0.7375 0.559375 0.0587890625 0.0568359375
43 0.73203125 0.47578125 0.0330078125 0.0857421875
43 0.4859375 0.67265625 0.0787109375 0.0794921875
43 0.434375 0.6671875 0.0814453125 0.0814453125
43 0.390625 0.67265625 0.0283203125 0.1388671875
43 0.3453125 0.6703125 0.0724609375 0.0744140625