43 0.52109375 0.30078125 0.029296875 0.029296875
43 0.5203125 0.36875 0.0310546875 0.0873046875
43 0.60390625 0.296875 0.0455078125 0.046875
43 0.603125 0.3703125 0.025 0.078125
43 0.646875 0.30078125 0.03828125 0.0392578125
43 0.646875 0.36640625 0.028125 0.084375
43 0.2875 0.45625 0.0626953125 0.0625
43 0.284375 0.53359375 0.0658203125 0.0890625
43 0.3640625 0.534375 0.053125 0.0908203125
43 0.3671875 0.453125 0.062109375 0.0625
43 0.44453125 0.45390625 0.0515625 0.05
43 0.43828125 0.5296875 0.0638671875 0.1001953125
43 0.51484375 0.52421875 0.0638671875 0.1109375
43 0.5140625 0.446875 0.05390625 0.055859375
43 0.58671875 0.4796875 0.0576171875 0.0908203125
43 0.6671875 0.53046875 0.0806640625 0.0798828125
43 0.66484375 0.453125 0.0544921875 0.055859375
43 0.74609375 0.4453125 0.0552734375 0.055859375
43 0.74921875 0.528125 0.0861328125 0.0873046875
43 0.821875 0.4609375 0.056640625 0.0626953125
43 0.82421875 0.5375 0.0578125 0.0908203125
43 0.66484375 0.6359375 0.0625 0.065625
43 0.66796875 0.71640625 0.0701171875 0.1017578125
43 0.5890625 0.728125 0.0564453125 0.078125
43 0.5890625 0.64296875 0.07109375 0.0705078125
43 0.51015625 0.64375 0.076953125 0.077734375
43 0.36796875 0.63359375 0.0578125 0.084375
43 0.36484375 0.71796875 0.053125 0.0859375
43 0.29296875 0.65859375 0.084375 0.084375
43 0.37109375 0.84296875 0.0234375 0.121875
43 0.5 0.8421875 0.072265625 0.0716796875
43 0.45078125 0.8390625 0.0771484375 0.0775390625
43 0.41171875 0.84609375 0.078125 0.078125