43 0.19140625 0.36015625 0.0375 0.03984375
43 0.18984375 0.43671875 0.0453125 0.1
43 0.2625 0.35859375 0.06484375 0.05703125
43 0.2640625 0.43828125 0.0625 0.08984375
43 0.3390625 0.36328125 0.0578125 0.06640625
43 0.3453125 0.43671875 0.0546875 0.09296875
43 0.4234375 0.36015625 0.04765625 0.046875
43 0.4203125 0.43828125 0.06015625 0.096875
43 0.4984375 0.35703125 0.0625 0.046875
43 0.49765625 0.43984375 0.06484375 0.10703125
43 0.575 0.3796875 0.0546875 0.09296875
43 0.6546875 0.4453125 0.0546875 0.096875
43 0.6484375 0.36484375 0.0625 0.05703125
43 0.7421875 0.36484375 0.06015625 0.04296875
43 0.73359375 0.43984375 0.0671875 0.09296875
43 0.82265625 0.371875 0.0546875 0.06328125
43 0.8140625 0.453125 0.0578125 0.09296875
43 0.70625 0.5453125 0.0375 0.0765625
43 0.7078125 0.6265625 0.0296875 0.06640625