43 0.234375 0.12578125 0.1091796875 0.0859375
43 0.45859375 0.1390625 0.0919921875 0.0908203125
43 0.6609375 0.16328125 0.1123046875 0.08125
43 0.2390625 0.2546875 0.125 0.1029296875
43 0.46328125 0.27421875 0.0865234375 0.0875
43 0.6734375 0.2765625 0.103125 0.0904296875
43 0.240625 0.41875 0.0787109375 0.08046875
43 0.453125 0.4109375 0.1435546875 0.1029296875
43 0.6953125 0.40546875 0.0998046875 0.0990234375
43 0.25546875 0.5859375 0.135546875 0.134375
43 0.5359375 0.5734375 0.078125 0.1470703125
43 0.7359375 0.59296875 0.0875 0.086328125