43 0.15859375 0.18515625 0.1796875 0.20625
43 0.171875 0.40078125 0.206640625 0.2298828125
43 0.4375 0.24140625 0.2029296875 0.2017578125
43 0.54140625 0.23515625 0.075 0.31875
43 0.84453125 0.15234375 0.2044921875 0.1861328125
43 0.82421875 0.371875 0.1888671875 0.225390625
43 0.22421875 0.66953125 0.140625 0.165625
43 0.2171875 0.8375 0.1658203125 0.1654296875
43 0.4953125 0.67578125 0.17265625 0.1734375
43 0.47890625 0.8578125 0.1671875 0.184765625
43 0.796875 0.63828125 0.18203125 0.1826171875
43 0.76328125 0.8265625 0.160546875 0.159765625