43 0.1390625 0.1421875 0.19140625 0.19140625
43 0.15234375 0.375 0.2109375 0.2314453125
43 0.43046875 0.2109375 0.0763671875 0.3345703125
43 0.540625 0.20546875 0.20625 0.2052734375
43 0.85078125 0.13671875 0.2044921875 0.1923828125
43 0.8234375 0.3578125 0.22734375 0.2275390625
43 0.20546875 0.6453125 0.1455078125 0.177734375
43 0.19765625 0.825 0.1669921875 0.175
43 0.48671875 0.665625 0.1673828125 0.1939453125
43 0.46484375 0.84609375 0.1701171875 0.169921875
43 0.79140625 0.6296875 0.1763671875 0.18125
43 0.75546875 0.80546875 0.1732421875 0.1734375