43 0.5 0.10859375 0.0529296875 0.0265625
43 0.4828125 0.16640625 0.0712890625 0.0708984375
43 0.6171875 0.11328125 0.0533203125 0.0234375
43 0.6078125 0.1734375 0.0591796875 0.0873046875
43 0.75078125 0.14765625 0.0578125 0.0576171875
43 0.740625 0.21484375 0.0849609375 0.0859375
43 0.73515625 0.3015625 0.0767578125 0.046875
43 0.71640625 0.37890625 0.098046875 0.098046875
43 0.603125 0.31640625 0.037109375 0.1138671875
43 0.55625 0.31171875 0.0375 0.1265625
43 0.45 0.24921875 0.068359375 0.0515625
43 0.42734375 0.33515625 0.1048828125 0.1048828125
43 0.40703125 0.44453125 0.0625 0.0625
43 0.371875 0.53515625 0.08125 0.1265625
43 0.5515625 0.4671875 0.078515625 0.053515625
43 0.5234375 0.5640625 0.0875 0.1654296875
43 0.70078125 0.48984375 0.0734375 0.053125
43 0.67421875 0.578125 0.10625 0.105859375
43 0.6734375 0.74609375 0.075 0.0642578125
43 0.6640625 0.8359375 0.094140625 0.0943359375
43 0.5109375 0.77421875 0.052734375 0.1857421875
43 0.4421875 0.76171875 0.0654296875 0.1861328125
43 0.3265625 0.653125 0.071484375 0.071484375
43 0.2984375 0.74296875 0.1185546875 0.11875