43 0.115625 0.3703125 0.044140625 0.0875
43 0.1109375 0.4671875 0.0623046875 0.10625
43 0.325 0.3703125 0.0658203125 0.072265625
43 0.31484375 0.46484375 0.0765625 0.1171875
43 0.53671875 0.4765625 0.0669921875 0.1154296875
43 0.546875 0.3875 0.0564453125 0.0560546875
43 0.0921875 0.584375 0.10859375 0.108984375
43 0.0828125 0.68984375 0.128125 0.1171875
43 0.265625 0.5765625 0.1408203125 0.077734375
43 0.26484375 0.6859375 0.1388671875 0.13984375
43 0.45078125 0.58671875 0.1021484375 0.103125
43 0.44609375 0.6921875 0.128125 0.128515625
43 0.6375 0.5875 0.106640625 0.1068359375
43 0.63984375 0.69375 0.1669921875 0.125
43 0.103125 0.8 0.1064453125 0.0845703125
43 0.27734375 0.8046875 0.128125 0.08125
43 0.09296875 0.90234375 0.1146484375 0.1166015625
43 0.2703125 0.91640625 0.125 0.123828125