43 0.48984375 0.3984375 0.057421875 0.0568359375
43 0.59765625 0.4015625 0.053125 0.0533203125
43 0.5578125 0.40625 0.0462890625 0.046484375
43 0.7796875 0.409375 0.0283203125 0.0685546875
43 0.63359375 0.40078125 0.03125 0.0796875
43 0.7046875 0.4015625 0.0533203125 0.0533203125
43 0.2890625 0.4890625 0.058984375 0.09375
43 0.42578125 0.625 0.0611328125 0.062109375
43 0.35859375 0.47265625 0.0580078125 0.0576171875
43 0.75234375 0.46953125 0.053125 0.0421875
43 0.35546875 0.54140625 0.0580078125 0.0794921875
43 0.55390625 0.49375 0.0580078125 0.084375
43 0.42421875 0.4734375 0.0572265625 0.0568359375
43 0.75234375 0.53984375 0.0765625 0.0763671875
43 0.35859375 0.6484375 0.078125 0.0779296875
43 0.42578125 0.54375 0.0513671875 0.0810546875
43 0.68203125 0.47265625 0.0482421875 0.05
43 0.54765625 0.6375 0.0677734375 0.06875
43 0.49296875 0.475 0.048046875 0.0474609375
43 0.684375 0.5453125 0.0712890625 0.069140625
43 0.4234375 0.69921875 0.047265625 0.0765625
43 0.48828125 0.54140625 0.053125 0.0861328125
43 0.61796875 0.496875 0.0673828125 0.0681640625
43 0.81796875 0.48125 0.0509765625 0.050390625
43 0.61640625 0.63671875 0.053125 0.0705078125
43 0.815625 0.54765625 0.0529296875 0.078125
43 0.61328125 0.70859375 0.0482421875 0.06875
43 0.6796875 0.63046875 0.0564453125 0.0572265625
43 0.68046875 0.70078125 0.0701171875 0.069921875
43 0.4625 0.80625 0.028125 0.109375
43 0.3390625 0.80234375 0.0654296875 0.0642578125
43 0.3765625 0.80234375 0.0650390625 0.0642578125
43 0.425 0.80390625 0.0220703125 0.1