43 0.278125 0.08359375 0.1443359375 0.1451171875
43 0.26171875 0.290625 0.1830078125 0.2779296875
43 0.52578125 0.1953125 0.1697265625 0.169140625
43 0.6203125 0.20859375 0.1591796875 0.159375
43 0.834375 0.16328125 0.131640625 0.1296875
43 0.84140625 0.33359375 0.1888671875 0.1890625
43 0.271875 0.57734375 0.165234375 0.1642578125
43 0.2390625 0.7890625 0.231640625 0.2318359375
43 0.56796875 0.5703125 0.1646484375 0.1654296875
43 0.5546875 0.784375 0.159375 0.265625
43 0.8390625 0.54921875 0.1376953125 0.1451171875
43 0.82578125 0.7421875 0.1578125 0.2248046875