43 0.25234375 0.1921875 0.075 0.1
43 0.24765625 0.1296875 0.07421875 0.0265625
43 0.3890625 0.190625 0.059375 0.1015625
43 0.37109375 0.13046875 0.06171875 0.0203125
43 0.51328125 0.21875 0.071875 0.09453125
43 0.4984375 0.15703125 0.065625 0.03046875
43 0.2515625 0.36171875 0.090625 0.1328125
43 0.24609375 0.2734375 0.08515625 0.03984375
43 0.38515625 0.32265625 0.0421875 0.12109375
43 0.43125 0.32421875 0.0453125 0.1140625
43 0.54453125 0.36015625 0.06640625 0.1125
43 0.528125 0.28828125 0.07109375 0.02578125
43 0.2671875 0.571875 0.103125 0.15703125
43 0.26796875 0.4734375 0.0953125 0.028125
43 0.43515625 0.55859375 0.096875 0.14296875
43 0.42578125 0.46328125 0.0828125 0.0421875
43 0.56796875 0.52421875 0.06640625 0.11640625
43 0.5578125 0.44375 0.06953125 0.04375
43 0.25859375 0.70859375 0.1140625 0.07265625
43 0.26875 0.82734375 0.11015625 0.1640625
43 0.43125 0.775 0.065625 0.1984375
43 0.49609375 0.759375 0.065625 0.19375
43 0.63671875 0.74375 0.08515625 0.115625
43 0.61171875 0.65859375 0.06796875 0.05546875