43 0.30390625 0.78828125 0.20703125 0.1765625
43 0.2984375 0.65390625 0.2234375 0.07265625
43 0.05546875 0.77109375 0.09765625 0.1109375
43 0.6921875 0.4953125 0.403125 0.28515625
43 0.22890625 0.43359375 0.39296875 0.32734375
43 0.26015625 0.18515625 0.33203125 0.16484375
43 0.7015625 0.2171875 0.41640625 0.209375
43 0.03359375 0.65 0.0671875 0.0671875
43 0.890625 0.79296875 0.2078125 0.1328125
43 0.07734375 0.9171875 0.1140625 0.096875
43 0.22109375 0.92734375 0.0984375 0.08671875
43 0.3734375 0.925 0.109375 0.08203125
43 0.521875 0.93515625 0.090625 0.09765625
43 0.96875 0.54375 0.06171875 0.13984375