43 0.0921875 0.08203125 0.15625 0.1576171875
43 0.76640625 0.06640625 0.1828125 0.1203125
43 0.12890625 0.3234375 0.148828125 0.1498046875
43 0.12890625 0.51171875 0.1732421875 0.1892578125
43 0.42734375 0.33515625 0.1607421875 0.1703125
43 0.41015625 0.5265625 0.1642578125 0.2
43 0.74140625 0.29140625 0.1673828125 0.1673828125
43 0.69609375 0.48359375 0.1267578125 0.2
43 0.7125 0.775 0.1033203125 0.103125
43 0.71015625 0.8953125 0.1203125 0.1095703125
43 0.46875 0.86328125 0.16953125 0.170703125
43 0.3765625 0.8515625 0.172265625 0.171484375
43 0.1359375 0.76640625 0.141015625 0.1265625
43 0.15 0.9046875 0.155859375 0.1095703125