43 0.1625 0.3609375 0.15 0.2939453125
43 0.26875 0.24296875 0.1279296875 0.1298828125
43 0.4015625 0.13515625 0.18984375 0.1888671875
43 0.50390625 0.06171875 0.1109375 0.1107421875
43 0.58828125 0.34296875 0.2552734375 0.2572265625
43 0.69609375 0.22578125 0.1240234375 0.1240234375
43 0.796875 0.0578125 0.121875 0.115625
43 0.8734375 0.08671875 0.1533203125 0.1541015625
43 0.621875 0.875 0.199609375 0.2498046875
43 0.70703125 0.7421875 0.1423828125 0.143359375
43 0.79765625 0.5328125 0.184375 0.284375
43 0.90078125 0.42109375 0.1169921875 0.116796875
43 0.946875 0.30625 0.10625 0.109375
43 0.965625 0.203125 0.06875 0.078125
43 0.35234375 0.54140625 0.1736328125 0.2484375
43 0.4296875 0.63203125 0.202734375 0.2486328125