43 0.36171875 0.18359375 0.0703125 0.0578125
43 0.5296875 0.1828125 0.072265625 0.0595703125
43 0.69296875 0.1921875 0.0861328125 0.0595703125
43 0.346875 0.27734375 0.077734375 0.078125
43 0.68359375 0.275 0.0794921875 0.0783203125
43 0.33203125 0.38515625 0.0892578125 0.0392578125
43 0.69921875 0.37578125 0.076953125 0.0771484375
43 0.3203125 0.49765625 0.0837890625 0.0830078125
43 0.52578125 0.49921875 0.0794921875 0.0796875
43 0.290625 0.65859375 0.1095703125 0.0953125
43 0.5328125 0.6640625 0.11875 0.0404296875
43 0.71796875 0.67421875 0.05 0.0736328125