43 0.40859375 0.46796875 0.1107421875 0.0875
43 0.7 0.5671875 0.118359375 0.153125
43 0.41640625 0.5828125 0.115625 0.1158203125
43 0.71171875 0.4546875 0.1138671875 0.0658203125
43 0.97890625 0.59921875 0.0421875 0.1298828125
43 0.16875 0.803125 0.2 0.131640625
43 0.15625 0.7109375 0.1564453125 0.0501953125
43 0.40078125 0.71328125 0.1705078125 0.0609375
43 0.609375 0.94296875 0.121875 0.1140625
43 0.634375 0.80625 0.1712890625 0.16953125
43 0.60703125 0.69921875 0.1484375 0.0451171875
43 0.41171875 0.94609375 0.1203125 0.1078125
43 0.22890625 0.89296875 0.083203125 0.083203125
43 0.39375 0.80703125 0.14453125 0.1453125
43 0.84296875 0.71171875 0.1390625 0.05625
43 0.8453125 0.80546875 0.1626953125 0.1171875
43 0.42109375 0.89140625 0.091796875 0.0919921875
43 0.60625 0.88671875 0.15625 0.0201171875