43 0.30078125 0.05625 0.1140625 0.062890625
43 0.3 0.14375 0.115625 0.1095703125
43 0.54921875 0.071875 0.070703125 0.0716796875
43 0.53359375 0.1484375 0.1107421875 0.1123046875
43 0.73828125 0.0734375 0.1048828125 0.046875
43 0.7359375 0.15703125 0.1154296875 0.1173828125
43 0.271875 0.23984375 0.130859375 0.0611328125
43 0.2640625 0.321875 0.1470703125 0.1095703125
43 0.52421875 0.24453125 0.125 0.0638671875
43 0.509375 0.33515625 0.134375 0.121875
43 0.73046875 0.246875 0.0853515625 0.084765625
43 0.73984375 0.3328125 0.116796875 0.115625
43 0.246875 0.46328125 0.14375 0.0705078125
43 0.25546875 0.55625 0.1625 0.112890625
43 0.49296875 0.46171875 0.125 0.06875
43 0.5046875 0.56171875 0.1283203125 0.1294921875
43 0.7234375 0.4515625 0.140234375 0.0654296875
43 0.71953125 0.5484375 0.1453125 0.1189453125
43 0.2078125 0.79140625 0.1244140625 0.123828125
43 0.29765625 0.79609375 0.121875 0.121875
43 0.44921875 0.78984375 0.0642578125 0.1546875
43 0.5421875 0.7953125 0.0685546875 0.153515625
43 0.72578125 0.73984375 0.098046875 0.098046875
43 0.73046875 0.8234375 0.108203125 0.1091796875