43 0.2796875 0.15859375 0.11484375 0.1140625
43 0.27265625 0.321875 0.167578125 0.1685546875
43 0.54375 0.3234375 0.159765625 0.1595703125
43 0.5390625 0.171875 0.096484375 0.096484375
43 0.7875 0.25703125 0.119140625 0.1
43 0.79375 0.40703125 0.1619140625 0.1609375
43 0.22109375 0.5984375 0.1609375 0.1599609375
43 0.20234375 0.81484375 0.1607421875 0.2296875
43 0.4828125 0.6796875 0.075 0.272265625
43 0.57890625 0.68515625 0.1646484375 0.1646484375
43 0.79609375 0.646875 0.1302734375 0.1306640625
43 0.8078125 0.81640625 0.1748046875 0.1736328125