43 0.71875 0.62265625 0.2125 0.12734375
43 0.71328125 0.51015625 0.1875 0.0921875
43 0.47890625 0.51484375 0.18046875 0.1078125
43 0.06328125 0.61484375 0.11953125 0.10546875
43 0.03984375 0.50390625 0.07578125 0.1
43 0.1640625 0.31015625 0.30546875 0.259375
43 0.26953125 0.178125 0.0015625 0.00078125
43 0.15390625 0.121875 0.22890625 0.1203125
43 0.78828125 0.36328125 0.27890625 0.1875
43 0.8375 0.16171875 0.30703125 0.196875
43 0.921875 0.6296875 0.15546875 0.14296875
43 0.96328125 0.50859375 0.07265625 0.07578125
43 0.225 0.75 0.06640625 0.0921875
43 0.49765625 0.34375 0.2921875 0.22421875
43 0.5015625 0.14609375 0.3390625 0.1609375