43 0.4125 0.4625 0.028125 0.0841796875
43 0.4859375 0.46796875 0.0251953125 0.0736328125
43 0.52890625 0.46640625 0.0296875 0.0794921875
43 0.56875 0.465625 0.06171875 0.0599609375
43 0.64609375 0.46796875 0.0328125 0.0861328125
43 0.73125 0.47890625 0.0283203125 0.0763671875
43 0.7625 0.55625 0.05 0.05
43 0.7609375 0.62421875 0.0720703125 0.073046875
43 0.69609375 0.6140625 0.0609375 0.096875
43 0.6953125 0.546875 0.052734375 0.053125
43 0.6203125 0.6125 0.075390625 0.075
43 0.6203125 0.54609375 0.0494140625 0.048828125
43 0.5515625 0.56015625 0.06640625 0.066796875
43 0.484375 0.55703125 0.062890625 0.0830078125
43 0.41953125 0.534375 0.046875 0.046875
43 0.4109375 0.6078125 0.071875 0.071484375
43 0.34375 0.60859375 0.0560546875 0.0951171875
43 0.346875 0.5359375 0.0501953125 0.0501953125
43 0.2703125 0.603125 0.071875 0.0716796875
43 0.2734375 0.5359375 0.053515625 0.0537109375
43 0.2 0.54375 0.053125 0.087109375
43 0.2796875 0.7015625 0.047265625 0.096875
43 0.346875 0.6890625 0.056640625 0.0564453125
43 0.34609375 0.75859375 0.0455078125 0.0609375
43 0.4796875 0.7 0.047265625 0.0751953125
43 0.54609375 0.7046875 0.0607421875 0.059765625
43 0.54296875 0.77109375 0.0482421875 0.0640625
43 0.615625 0.69765625 0.055859375 0.0546875
43 0.6140625 0.7640625 0.0693359375 0.0712890625
43 0.38828125 0.8625 0.0615234375 0.062109375
43 0.3515625 0.85859375 0.021875 0.0830078125
43 0.30390625 0.85234375 0.0326171875 0.0890625
43 0.26171875 0.85078125 0.0548828125 0.0548828125