43 0.3 0.07421875 0.12890625 0.10390625
43 0.5390625 0.11640625 0.1171875 0.11015625
43 0.76328125 0.1453125 0.1125 0.10703125
43 0.2953125 0.22734375 0.1328125 0.109375
43 0.54375 0.2484375 0.14609375 0.11640625
43 0.7625 0.26640625 0.14765625 0.09765625
43 0.290625 0.3984375 0.17109375 0.121875
43 0.54921875 0.40234375 0.14453125 0.0609375
43 0.77890625 0.4046875 0.07734375 0.0890625
43 0.24375 0.61640625 0.1328125 0.0625
43 0.56484375 0.6109375 0.07578125 0.153125
43 0.80859375 0.61953125 0.16953125 0.153125
43 0.25859375 0.85546875 0.09609375 0.2140625
43 0.58203125 0.8671875 0.20234375 0.1828125
43 0.8203125 0.84609375 0.14609375 0.13671875