43 0.278125 0.08359375 0.15078125 0.13984375
43 0.26171875 0.290625 0.18359375 0.27734375
43 0.52578125 0.1953125 0.07578125 0.2625
43 0.6203125 0.20859375 0.06796875 0.25
43 0.834375 0.16328125 0.1328125 0.1296875
43 0.84140625 0.33359375 0.15703125 0.2203125
43 0.271875 0.57734375 0.16875 0.16015625
43 0.2390625 0.7890625 0.2015625 0.26171875
43 0.56796875 0.5703125 0.16796875 0.16328125
43 0.5546875 0.784375 0.159375 0.265625
43 0.8390625 0.54921875 0.13828125 0.14453125
43 0.82578125 0.7421875 0.1578125 0.22421875