43 0.15859375 0.18515625 0.1796875 0.20625
43 0.171875 0.40078125 0.2078125 0.23046875
43 0.4375 0.24140625 0.07890625 0.32578125
43 0.54140625 0.23515625 0.075 0.31875
43 0.84453125 0.15234375 0.20390625 0.18671875
43 0.82421875 0.371875 0.18828125 0.2265625
43 0.22421875 0.66953125 0.140625 0.165625
43 0.2171875 0.8375 0.16328125 0.16796875
43 0.4953125 0.67578125 0.15625 0.190625
43 0.47890625 0.8578125 0.1671875 0.1859375
43 0.796875 0.63828125 0.1703125 0.19609375
43 0.76328125 0.8265625 0.1515625 0.16875