43 0.54765625 0.2875 0.029296875 0.028515625
43 0.63125 0.35859375 0.055859375 0.0548828125
43 0.54921875 0.35078125 0.034375 0.0923828125
43 0.6734375 0.28515625 0.0283203125 0.0486328125
43 0.63125 0.28671875 0.030859375 0.06875
43 0.671875 0.3546875 0.03125 0.0904296875
43 0.321875 0.43671875 0.065234375 0.0646484375
43 0.76640625 0.434375 0.0548828125 0.05546875
43 0.31875 0.515625 0.075 0.0751953125
43 0.54140625 0.4328125 0.055078125 0.0560546875
43 0.396875 0.43671875 0.062109375 0.0611328125
43 0.76640625 0.5109375 0.0822265625 0.0818359375
43 0.328125 0.63046875 0.056640625 0.103125
43 0.39765625 0.51640625 0.0578125 0.0923828125
43 0.6875 0.4359375 0.0560546875 0.0560546875
43 0.5359375 0.61875 0.0533203125 0.0939453125
43 0.4734375 0.43828125 0.053125 0.0521484375
43 0.68984375 0.51875 0.0580078125 0.0998046875
43 0.3984375 0.68515625 0.053125 0.0830078125
43 0.4671875 0.5125 0.05625 0.0970703125
43 0.61328125 0.46171875 0.0578125 0.0892578125
43 0.5421875 0.50703125 0.0658203125 0.1048828125
43 0.40078125 0.60625 0.059375 0.075
43 0.8390625 0.44375 0.0501953125 0.062109375
43 0.6125 0.61640625 0.068359375 0.0671875
43 0.840625 0.51953125 0.072265625 0.071875
43 0.61015625 0.696875 0.0548828125 0.0779296875
43 0.6859375 0.61171875 0.0625 0.0625
43 0.6859375 0.6921875 0.065234375 0.0970703125
43 0.52421875 0.80078125 0.0296875 0.1107421875
43 0.4015625 0.80078125 0.0658203125 0.065625
43 0.4421875 0.80546875 0.0720703125 0.0732421875
43 0.4796875 0.8015625 0.028515625 0.109375