43 0.7046875 0.2609375 0.0974609375 0.09765625
43 0.88828125 0.3046875 0.115625 0.115625
43 0.453125 0.309375 0.1466796875 0.081640625
43 0.6328125 0.35703125 0.147265625 0.0955078125
43 0.82421875 0.39765625 0.13125 0.0953125
43 0.36796875 0.41484375 0.0763671875 0.076171875
43 0.56796875 0.4546875 0.1263671875 0.0783203125
43 0.78125 0.5109375 0.125390625 0.1248046875
43 0.27421875 0.5234375 0.1365234375 0.1375
43 0.48828125 0.5921875 0.1205078125 0.121875
43 0.71015625 0.64609375 0.114453125 0.114453125
43 0.12109375 0.69140625 0.2078125 0.14375
43 0.3796875 0.78359375 0.1279296875 0.1271484375
43 0.59453125 0.86875 0.09375 0.112890625
43 0.5265625 0.221875 0.0939453125 0.0935546875