43 0.603125 0.925 0.159375 0.14453125
43 0.62890625 0.81640625 0.15078125 0.06640625
43 0.4 0.8703125 0.1125 0.18984375
43 0.3 0.8546875 0.1125 0.184375
43 0.1421875 0.846875 0.12421875 0.21875
43 0.06171875 0.828125 0.109375 0.21953125
43 0.65 0.58515625 0.18125 0.159375
43 0.6765625 0.4765625 0.15859375 0.06796875
43 0.4125 0.59140625 0.16484375 0.15234375
43 0.42421875 0.48046875 0.14765625 0.06484375
43 0.159375 0.571875 0.15703125 0.12265625
43 0.17890625 0.46953125 0.13671875 0.0640625
43 0.71875 0.35234375 0.15234375 0.1390625
43 0.71640625 0.25234375 0.1453125 0.0484375
43 0.4625 0.35390625 0.13828125 0.13671875
43 0.49609375 0.2515625 0.11875 0.05859375
43 0.21484375 0.3328125 0.1359375 0.11953125
43 0.2390625 0.24609375 0.12421875 0.0515625
43 0.740625 0.16015625 0.13359375 0.11953125
43 0.75546875 0.06875 0.11640625 0.0375
43 0.51875 0.15859375 0.10390625 0.1171875
43 0.55234375 0.08125 0.10390625 0.03671875
43 0.29921875 0.16328125 0.11953125 0.11640625
43 0.315625 0.07578125 0.1296875 0.05546875