43 0.44609375 0.59765625 0.0265625 0.071875
43 0.39453125 0.6015625 0.0296875 0.075
43 0.33984375 0.60078125 0.0267578125 0.078125
43 0.29375 0.60078125 0.0474609375 0.0484375
43 0.62109375 0.5203125 0.0701171875 0.065625
43 0.62265625 0.4671875 0.0703125 0.0404296875
43 0.53828125 0.5265625 0.0607421875 0.046875
43 0.36796875 0.5265625 0.057421875 0.056640625
43 0.36953125 0.475 0.05 0.05
43 0.28046875 0.5234375 0.0576171875 0.059375
43 0.28125 0.4703125 0.068359375 0.046484375
43 0.10703125 0.525 0.064453125 0.0650390625
43 0.1078125 0.471875 0.059765625 0.0376953125
43 0.18359375 0.40703125 0.053125 0.0541015625
43 0.1765625 0.35390625 0.0466796875 0.0458984375
43 0.36171875 0.40078125 0.0701171875 0.0734375
43 0.3671875 0.35 0.040625 0.041015625
43 0.453125 0.40625 0.0751953125 0.0623046875
43 0.44765625 0.35625 0.0705078125 0.0341796875
43 0.5375 0.40703125 0.0564453125 0.0544921875
43 0.53828125 0.35625 0.0451171875 0.044140625
43 0.6265625 0.4046875 0.0533203125 0.0625
43 0.62109375 0.3515625 0.0576171875 0.034765625
43 0.503125 0.296875 0.04453125 0.046484375
43 0.50234375 0.24375 0.036328125 0.0375
43 0.71875 0.39765625 0.06953125 0.0697265625
43 0.715625 0.35078125 0.0685546875 0.0234375
43 0.70078125 0.29609375 0.0298828125 0.053125
43 0.7015625 0.2453125 0.0345703125 0.0341796875
43 0.759375 0.296875 0.040234375 0.03828125
43 0.76015625 0.25234375 0.0263671875 0.0326171875
43 0.80546875 0.39609375 0.0697265625 0.069921875
43 0.80625 0.346875 0.068359375 0.0248046875