43 0.59375 0.275 0.21875 0.21875
43 0.5953125 0.09609375 0.228125 0.1388671875
43 0.33359375 0.08984375 0.1169921875 0.116796875
43 0.33203125 0.25078125 0.196875 0.196875
43 0.86953125 0.28359375 0.2177734375 0.2197265625
43 0.8953125 0.0921875 0.16640625 0.16640625
43 0.4109375 0.425 0.115625 0.099609375
43 0.85078125 0.6046875 0.1642578125 0.1650390625
43 0.2296875 0.52734375 0.1470703125 0.1263671875
43 0.21015625 0.40859375 0.0951171875 0.094921875
43 0.41015625 0.55390625 0.146875 0.146875
43 0.59375 0.7265625 0.0654296875 0.1375
43 0.27421875 0.6734375 0.0798828125 0.122265625
43 0.37265625 0.68671875 0.0955078125 0.0951171875
43 0.478125 0.70390625 0.1 0.1009765625