43 0.37734375 0.2859375 0.1513671875 0.075
43 0.39296875 0.409375 0.2076171875 0.181640625
43 0.60625 0.415625 0.162890625 0.16328125
43 0.5890625 0.28671875 0.1162109375 0.1169921875
43 0.76875 0.29375 0.0873046875 0.096875
43 0.78359375 0.41015625 0.1171875 0.1265625
43 0.94375 0.390625 0.1125 0.153125
43 0.940625 0.27109375 0.0845703125 0.0890625
43 0.73125 0.1359375 0.112109375 0.1119140625
43 0.40703125 0.70859375 0.1580078125 0.1517578125
43 0.375 0.58359375 0.1212890625 0.1205078125
43 0.746875 0.6546875 0.119140625 0.1216796875
43 0.90625 0.6203125 0.1306640625 0.130859375
43 0.1703125 0.596875 0.1630859375 0.1630859375
43 0.1796875 0.7328125 0.15859375 0.1568359375
43 0.89921875 0.51015625 0.0765625 0.0767578125
43 0.19765625 0.91171875 0.126953125 0.126953125
43 0.55703125 0.8421875 0.1115234375 0.112109375
43 0.446875 0.865625 0.1212890625 0.11953125
43 0.3328125 0.88515625 0.1279296875 0.128125