43 0.209375 0.30078125 0.1484375 0.20234375
43 0.20546875 0.14375 0.11484375 0.11328125
43 0.70625 0.4921875 0.109375 0.10859375
43 0.6953125 0.6296875 0.09453125 0.1484375
43 0.59140625 0.86484375 0.2203125 0.1859375
43 0.5875 0.7453125 0.2125 0.05234375
43 0.58515625 0.86171875 0.20703125 0.17421875
43 0.3390625 0.8640625 0.20234375 0.16015625
43 0.8265625 0.74765625 0.19609375 0.05625
43 0.33046875 0.7421875 0.17890625 0.07421875
43 0.10078125 0.85390625 0.18125 0.15390625
43 0.1234375 0.73828125 0.13046875 0.0625
43 0.825 0.8578125 0.19921875 0.16171875