43 0.17734375 0.3546875 0.0640625 0.03828125
43 0.17421875 0.4109375 0.06875 0.06015625
43 0.3625 0.35234375 0.05625 0.0296875
43 0.3609375 0.40546875 0.0734375 0.0734375
43 0.44609375 0.3578125 0.0734375 0.03671875
43 0.446875 0.4109375 0.07578125 0.06171875
43 0.5359375 0.36015625 0.06640625 0.03671875
43 0.5328125 0.409375 0.0609375 0.0578125
43 0.61640625 0.3546875 0.0640625 0.03984375
43 0.62421875 0.409375 0.0640625 0.06171875
43 0.7140625 0.35546875 0.075 0.0296875
43 0.71328125 0.4046875 0.07578125 0.0625
43 0.803125 0.3515625 0.0703125 0.0296875
43 0.80234375 0.4046875 0.075 0.06953125
43 0.61953125 0.46953125 0.0703125 0.040625
43 0.61875 0.5265625 0.06875 0.0640625
43 0.5375 0.528125 0.06875 0.04921875
43 0.3640625 0.4796875 0.06328125 0.0421875
43 0.36875 0.5328125 0.0578125 0.0625
43 0.2796875 0.471875 0.0765625 0.05
43 0.27890625 0.5265625 0.06171875 0.05859375
43 0.1015625 0.471875 0.06015625 0.03984375
43 0.10390625 0.52734375 0.06875 0.06953125
43 0.290625 0.60234375 0.02578125 0.06953125
43 0.44375 0.6015625 0.0265625 0.0703125
43 0.39296875 0.60546875 0.028125 0.07421875
43 0.33828125 0.6046875 0.03125 0.07578125
43 0.759375 0.25546875 0.0296875 0.0328125
43 0.75546875 0.30078125 0.034375 0.0515625
43 0.7 0.30078125 0.0359375 0.05625
43 0.6984375 0.25234375 0.03203125 0.0390625
43 0.49921875 0.29765625 0.03515625 0.06171875
43 0.49765625 0.24921875 0.0328125 0.03515625