43 0.59453125 0.6796875 0.14140625 0.1421875
43 0.6 0.540625 0.18671875 0.11953125
43 0.37109375 0.59453125 0.1578125 0.16875
43 0.85859375 0.3484375 0.1984375 0.190625
43 0.8515625 0.21484375 0.15703125 0.0640625
43 0.59375 0.27421875 0.18359375 0.17265625
43 0.34375 0.3828125 0.2125 0.15
43 0.34453125 0.2328125 0.18203125 0.10234375
43 0.72734375 0.87578125 0.0921875 0.171875
43 0.6046875 0.8671875 0.06875 0.15
43 0.44609375 0.87265625 0.08046875 0.1484375
43 0.3265625 0.8765625 0.0828125 0.14921875