43 0.59453125 0.6796875 0.1419921875 0.141015625
43 0.6 0.540625 0.1529296875 0.1533203125
43 0.37109375 0.59453125 0.1578125 0.16875
43 0.85859375 0.3484375 0.194921875 0.194140625
43 0.8515625 0.21484375 0.1564453125 0.0640625
43 0.59375 0.27421875 0.1783203125 0.1791015625
43 0.34375 0.3828125 0.2125 0.15
43 0.34453125 0.2328125 0.1423828125 0.1431640625
43 0.72734375 0.87578125 0.0921875 0.171875
43 0.6046875 0.8671875 0.109375 0.109375
43 0.44609375 0.87265625 0.1142578125 0.1140625
43 0.3265625 0.8765625 0.083984375 0.1498046875