43 0.39921875 0.1265625 0.22109375 0.1078125
43 0.41171875 0.3078125 0.259375 0.2359375
43 0.73359375 0.11796875 0.29453125 0.14453125
43 0.7359375 0.31953125 0.29140625 0.240625
43 0.97578125 0.103125 0.0484375 0.1203125
43 0.953125 0.30859375 0.09375 0.2671875
43 0.940625 0.64921875 0.1125 0.1390625
43 0.4875 0.6421875 0.16640625 0.15859375
43 0.47734375 0.50390625 0.1734375 0.09375
43 0.23359375 0.51171875 0.16015625 0.09609375
43 0.2578125 0.62734375 0.1953125 0.1203125
43 0.3109375 0.7765625 0.10234375 0.125
43 0.434375 0.78359375 0.09921875 0.1109375
43 0.5578125 0.790625 0.08984375 0.1203125
43 0.69375 0.803125 0.08671875 0.1296875