43 0.209375 0.30078125 0.149609375 0.2017578125
43 0.20546875 0.14375 0.1138671875 0.1130859375
43 0.70625 0.4921875 0.109375 0.1091796875
43 0.6953125 0.6296875 0.0939453125 0.147265625
43 0.59140625 0.86484375 0.2203125 0.1859375
43 0.5875 0.7453125 0.13203125 0.1318359375
43 0.58515625 0.86171875 0.2076171875 0.1736328125
43 0.3390625 0.8640625 0.1810546875 0.1814453125
43 0.8265625 0.74765625 0.1255859375 0.1265625
43 0.33046875 0.7421875 0.1794921875 0.0748046875
43 0.10078125 0.85390625 0.167578125 0.1673828125
43 0.1234375 0.73828125 0.0966796875 0.096875
43 0.825 0.8578125 0.1998046875 0.1623046875