43 0.39921875 0.1265625 0.2205078125 0.108984375
43 0.41171875 0.3078125 0.259375 0.234765625
43 0.73359375 0.11796875 0.2951171875 0.1451171875
43 0.7359375 0.31953125 0.2658203125 0.265625
43 0.96640625 0.103125 0.0671875 0.084375
43 0.953125 0.30859375 0.09375 0.2671875
43 0.93828125 0.6484375 0.1234375 0.125
43 0.4875 0.6421875 0.1626953125 0.1623046875
43 0.47734375 0.50390625 0.133203125 0.133203125
43 0.23359375 0.51171875 0.1271484375 0.1291015625
43 0.2578125 0.62734375 0.15859375 0.158203125
43 0.3109375 0.7765625 0.1130859375 0.11484375
43 0.434375 0.78359375 0.0998046875 0.1109375
43 0.5578125 0.790625 0.0904296875 0.119140625
43 0.69375 0.803125 0.0873046875 0.130859375