43 0.86875 0.1703125 0.075390625 0.0966796875
43 0.89296875 0.33046875 0.1765625 0.2234375
43 0.64921875 0.25390625 0.21875 0.2177734375
43 0.28984375 0.22109375 0.2125 0.2125
43 0.371875 0.4328125 0.2876953125 0.2216796875
43 0.3875 0.6765625 0.24375 0.1939453125
43 0.6296875 0.571875 0.125 0.115625
43 0.6328125 0.71484375 0.1125 0.146875
43 0.740625 0.86640625 0.0376953125 0.1267578125
43 0.615625 0.8921875 0.0439453125 0.1060546875
43 0.47734375 0.9421875 0.086328125 0.087109375
43 0.3375 0.9640625 0.078125 0.071875