43 0.29609375 0.17421875 0.113671875 0.113671875
43 0.290625 0.33046875 0.1908203125 0.1919921875
43 0.52578125 0.20703125 0.175 0.2423828125
43 0.8328125 0.1046875 0.2189453125 0.0935546875
43 0.80078125 0.28671875 0.2521484375 0.251953125
43 0.58125 0.49765625 0.140625 0.125
43 0.37265625 0.52734375 0.1419921875 0.1419921875
43 0.57421875 0.6421875 0.1796875 0.1501953125
43 0.7453125 0.86015625 0.1189453125 0.11875
43 0.38125 0.7796875 0.0787109375 0.07890625
43 0.48515625 0.8 0.0951171875 0.09453125
43 0.61875 0.82578125 0.0375 0.13125