43 0.29609375 0.17421875 0.1140625 0.1125
43 0.290625 0.33046875 0.21484375 0.16796875
43 0.52578125 0.20703125 0.175 0.24296875
43 0.8328125 0.1046875 0.21953125 0.09296875
43 0.80078125 0.28671875 0.25234375 0.253125
43 0.58125 0.49765625 0.140625 0.125
43 0.37265625 0.52734375 0.11640625 0.16640625
43 0.57421875 0.6421875 0.1796875 0.15078125
43 0.7453125 0.86015625 0.06953125 0.16875
43 0.38125 0.7796875 0.02734375 0.13125
43 0.48515625 0.8 0.05859375 0.1328125
43 0.61875 0.82578125 0.0375 0.13125