43 0.17734375 0.3546875 0.0640625 0.0376953125
43 0.17421875 0.4109375 0.0640625 0.0650390625
43 0.3625 0.35234375 0.05625 0.0296875
43 0.3609375 0.40546875 0.07265625 0.073046875
43 0.44609375 0.3578125 0.0734375 0.0373046875
43 0.446875 0.4109375 0.0751953125 0.0623046875
43 0.5359375 0.36015625 0.0505859375 0.0513671875
43 0.5328125 0.409375 0.059765625 0.056640625
43 0.61640625 0.3546875 0.051953125 0.0525390625
43 0.62421875 0.409375 0.063671875 0.0626953125
43 0.7140625 0.35546875 0.052734375 0.051953125
43 0.71328125 0.4046875 0.0763671875 0.0625
43 0.803125 0.3515625 0.049609375 0.049609375
43 0.80234375 0.4046875 0.075 0.0689453125
43 0.61953125 0.46953125 0.0703125 0.040625
43 0.61875 0.5265625 0.06875 0.065234375
43 0.5375 0.528125 0.06875 0.0498046875
43 0.3640625 0.4796875 0.0626953125 0.041015625
43 0.36875 0.5328125 0.056640625 0.0625
43 0.2796875 0.471875 0.077734375 0.05
43 0.27890625 0.5265625 0.0607421875 0.0595703125
43 0.1015625 0.471875 0.0595703125 0.0404296875
43 0.10390625 0.52734375 0.06875 0.0701171875
43 0.290625 0.60234375 0.0251953125 0.0701171875
43 0.44375 0.6015625 0.049609375 0.047265625
43 0.39296875 0.60546875 0.028125 0.0736328125
43 0.33828125 0.6046875 0.053125 0.0533203125
43 0.759375 0.25546875 0.03125 0.032421875
43 0.75546875 0.30078125 0.042578125 0.042578125
43 0.7 0.30078125 0.046484375 0.046875
43 0.6984375 0.25234375 0.0314453125 0.0390625
43 0.49921875 0.29765625 0.0482421875 0.0486328125
43 0.49765625 0.24921875 0.0328125 0.0357421875