43 0.44609375 0.59765625 0.0265625 0.071875
43 0.39453125 0.6015625 0.0296875 0.075
43 0.33984375 0.60078125 0.02734375 0.078125
43 0.29375 0.60078125 0.02109375 0.075
43 0.62109375 0.5203125 0.06953125 0.065625
43 0.62265625 0.4671875 0.0703125 0.03984375
43 0.53828125 0.5265625 0.06015625 0.046875
43 0.36796875 0.5265625 0.0546875 0.059375
43 0.36953125 0.475 0.059375 0.040625
43 0.28046875 0.5234375 0.05703125 0.059375
43 0.28125 0.4703125 0.0671875 0.0453125
43 0.10703125 0.525 0.0640625 0.06484375
43 0.1078125 0.471875 0.0609375 0.03828125
43 0.18359375 0.40703125 0.0453125 0.06171875
43 0.1765625 0.35390625 0.05703125 0.03671875
43 0.36171875 0.40078125 0.06953125 0.0734375
43 0.3671875 0.35 0.05625 0.0265625
43 0.453125 0.40625 0.07578125 0.06171875
43 0.44765625 0.35625 0.07109375 0.03359375
43 0.5375 0.40703125 0.05703125 0.05390625
43 0.53828125 0.35625 0.05859375 0.03125
43 0.6265625 0.4046875 0.05390625 0.0625
43 0.62109375 0.3515625 0.05703125 0.0359375
43 0.503125 0.296875 0.034375 0.0578125
43 0.50234375 0.24375 0.0359375 0.0390625
43 0.71875 0.39765625 0.0765625 0.06328125
43 0.715625 0.35078125 0.06796875 0.0234375
43 0.70078125 0.29609375 0.03046875 0.053125
43 0.7015625 0.2453125 0.03203125 0.03671875
43 0.759375 0.296875 0.0265625 0.053125
43 0.76015625 0.25234375 0.02578125 0.03203125
43 0.80546875 0.39609375 0.06640625 0.071875
43 0.80625 0.346875 0.0671875 0.02421875