43 0.86875 0.1703125 0.0765625 0.09609375
43 0.89296875 0.33046875 0.1765625 0.2234375
43 0.64921875 0.25390625 0.1890625 0.24765625
43 0.28984375 0.22109375 0.246875 0.178125
43 0.371875 0.4328125 0.28828125 0.22109375
43 0.3875 0.6765625 0.24375 0.19453125
43 0.6296875 0.571875 0.125 0.115625
43 0.6328125 0.71484375 0.1125 0.146875
43 0.740625 0.86640625 0.03828125 0.12734375
43 0.615625 0.8921875 0.04453125 0.10546875
43 0.47734375 0.9421875 0.0578125 0.115625
43 0.33828125 0.96640625 0.08671875 0.0671875