43 0.37734375 0.2859375 0.15078125 0.075
43 0.39296875 0.409375 0.20703125 0.1828125
43 0.60625 0.415625 0.1796875 0.146875
43 0.5890625 0.28671875 0.13828125 0.09609375
43 0.76875 0.29375 0.08671875 0.096875
43 0.78359375 0.41015625 0.1171875 0.1265625
43 0.94375 0.390625 0.1125 0.153125
43 0.940625 0.27109375 0.08515625 0.0890625
43 0.73125 0.1359375 0.0640625 0.16015625
43 0.40703125 0.70859375 0.15859375 0.15234375
43 0.375 0.58359375 0.14609375 0.09453125
43 0.746875 0.6546875 0.1203125 0.12109375
43 0.90625 0.6203125 0.11328125 0.1484375
43 0.1703125 0.596875 0.20546875 0.12109375
43 0.1796875 0.7328125 0.171875 0.14296875
43 0.89921875 0.51015625 0.0859375 0.06796875
43 0.19765625 0.91171875 0.0859375 0.16875
43 0.55703125 0.8421875 0.07421875 0.15
43 0.446875 0.865625 0.07890625 0.1625
43 0.3328125 0.88515625 0.08671875 0.16875