43 0.59375 0.275 0.225 0.2125
43 0.5953125 0.09609375 0.228125 0.13828125
43 0.33359375 0.08984375 0.13671875 0.096875
43 0.33203125 0.25078125 0.1859375 0.2078125
43 0.86953125 0.28359375 0.22890625 0.20859375
43 0.8953125 0.0921875 0.209375 0.125
43 0.4109375 0.425 0.115625 0.0984375
43 0.85078125 0.6046875 0.18828125 0.13984375
43 0.2296875 0.52734375 0.14765625 0.12578125
43 0.21015625 0.40859375 0.09609375 0.09375
43 0.41015625 0.55390625 0.14375 0.15
43 0.59375 0.7265625 0.06484375 0.1375
43 0.27421875 0.6734375 0.08046875 0.1234375
43 0.37265625 0.68671875 0.06484375 0.12578125
43 0.478125 0.70390625 0.0734375 0.12578125