43 0.10703125 0.1984375 0.0703125 0.1234375
43 0.178125 0.1953125 0.06640625 0.1125
43 0.25703125 0.1875 0.075 0.121875
43 0.32265625 0.18046875 0.06953125 0.12578125
43 0.38515625 0.18203125 0.06875 0.125
43 0.5328125 0.17265625 0.0640625 0.11015625
43 0.603125 0.16796875 0.05625 0.13359375
43 0.68125 0.1625 0.06328125 0.1234375
43 0.75234375 0.15703125 0.059375 0.125
43 0.834375 0.15703125 0.06640625 0.11171875
43 0.909375 0.1515625 0.06484375 0.11875
43 0.1328125 0.36171875 0.06875 0.11875
43 0.2046875 0.35625 0.06328125 0.121875
43 0.2671875 0.35625 0.0625 0.11640625
43 0.33828125 0.35625 0.0546875 0.11640625
43 0.3984375 0.34921875 0.0453125 0.11953125
43 0.47421875 0.3453125 0.05078125 0.1203125
43 0.53515625 0.3421875 0.04609375 0.12265625
43 0.61015625 0.33984375 0.046875 0.125
43 0.67890625 0.334375 0.04765625 0.12265625
43 0.75078125 0.33046875 0.05546875 0.1234375
43 0.81875 0.33046875 0.05546875 0.12734375
43 0.89140625 0.31875 0.0609375 0.1296875
43 0.18671875 0.503125 0.10390625 0.14296875
43 0.2078125 0.65546875 0.10546875 0.10703125
43 0.31171875 0.64609375 0.09453125 0.11484375
43 0.41796875 0.64453125 0.08359375 0.12421875
43 0.5140625 0.64609375 0.09765625 0.11875
43 0.61640625 0.64140625 0.0984375 0.10859375
43 0.3296875 0.78359375 0.084375 0.11171875
43 0.42265625 0.77890625 0.0765625 0.1109375
43 0.52109375 0.778125 0.084375 0.1265625
43 0.61640625 0.771875 0.08984375 0.1109375
43 0.7125 0.76953125 0.0859375 0.10546875
43 0.72109375 0.634375 0.10234375 0.115625
43 0.82265625 0.6296875 0.0828125 0.10703125
43 0.80703125 0.76328125 0.07578125 0.09765625
43 0.30078125 0.5046875 0.0953125 0.13671875
43 0.4015625 0.49375 0.0890625 0.1359375
43 0.51015625 0.49140625 0.08671875 0.13984375
43 0.61953125 0.48984375 0.08515625 0.13671875
43 0.71484375 0.48203125 0.084375 0.1421875
43 0.23671875 0.9171875 0.04765625 0.125
43 0.2921875 0.9125 0.06171875 0.128125
43 0.34609375 0.91796875 0.05078125 0.134375
43 0.40234375 0.9140625 0.03671875 0.14296875
43 0.7125 0.90703125 0.0453125 0.153125
43 0.7578125 0.909375 0.040625 0.1546875
43 0.81484375 0.90546875 0.05 0.1515625
43 0.44921875 0.9125 0.03671875 0.13203125
43 0.49296875 0.91484375 0.0421875 0.14453125
43 0.54375 0.90546875 0.0546875 0.12578125
43 0.6046875 0.91015625 0.046875 0.1359375
43 0.6609375 0.903125 0.04140625 0.1375