43 0.10703125 0.1984375 0.095703125 0.096875
43 0.178125 0.1953125 0.0658203125 0.1125
43 0.25703125 0.1875 0.0984375 0.09921875
43 0.32265625 0.18046875 0.0982421875 0.0982421875
43 0.38515625 0.18203125 0.06875 0.125
43 0.5328125 0.17265625 0.0875 0.0884765625
43 0.603125 0.16796875 0.094140625 0.0951171875
43 0.68125 0.1625 0.0939453125 0.093359375
43 0.75234375 0.15703125 0.059375 0.125
43 0.834375 0.15703125 0.0880859375 0.0888671875
43 0.909375 0.1515625 0.0654296875 0.11875
43 0.1328125 0.36171875 0.06875 0.11875
43 0.2046875 0.35625 0.0931640625 0.09296875
43 0.2671875 0.35625 0.08984375 0.0900390625
43 0.33828125 0.35625 0.085546875 0.0849609375
43 0.3984375 0.34921875 0.046484375 0.1201171875
43 0.47421875 0.3453125 0.0513671875 0.121484375
43 0.53515625 0.3421875 0.0455078125 0.1220703125
43 0.61015625 0.33984375 0.0859375 0.0859375
43 0.67890625 0.334375 0.0853515625 0.0849609375
43 0.75078125 0.33046875 0.0548828125 0.1234375
43 0.81875 0.33046875 0.0908203125 0.0919921875
43 0.89140625 0.31875 0.0609375 0.130859375
43 0.18671875 0.503125 0.1044921875 0.1435546875
43 0.2078125 0.65546875 0.1060546875 0.1076171875
43 0.31171875 0.64609375 0.0951171875 0.1142578125
43 0.41796875 0.64453125 0.0830078125 0.1236328125
43 0.5140625 0.64609375 0.1087890625 0.1078125
43 0.61640625 0.64140625 0.0984375 0.1080078125
43 0.3296875 0.78359375 0.097265625 0.0982421875
43 0.42265625 0.77890625 0.0765625 0.1109375
43 0.52109375 0.778125 0.1046875 0.105859375
43 0.61640625 0.771875 0.1013671875 0.1
43 0.7125 0.76953125 0.087109375 0.1048828125
43 0.72109375 0.634375 0.1017578125 0.115625
43 0.82265625 0.6296875 0.0828125 0.1064453125
43 0.80703125 0.76328125 0.0763671875 0.0982421875
43 0.30078125 0.5046875 0.0953125 0.1373046875
43 0.4015625 0.49375 0.090234375 0.137109375
43 0.51015625 0.49140625 0.1134765625 0.1134765625
43 0.61953125 0.48984375 0.0857421875 0.1361328125
43 0.71484375 0.48203125 0.113671875 0.113671875
43 0.23671875 0.9171875 0.0482421875 0.125
43 0.2921875 0.9125 0.0943359375 0.09453125
43 0.34609375 0.91796875 0.0513671875 0.134375
43 0.40234375 0.9140625 0.0361328125 0.1435546875
43 0.7125 0.90703125 0.099609375 0.0984375
43 0.7578125 0.909375 0.040625 0.155859375
43 0.81484375 0.90546875 0.05 0.1515625
43 0.44921875 0.9125 0.0361328125 0.1314453125
43 0.49296875 0.91484375 0.0421875 0.1451171875
43 0.54375 0.90546875 0.090625 0.0916015625
43 0.6046875 0.91015625 0.091015625 0.091796875
43 0.6609375 0.903125 0.0408203125 0.1375