43 0.1046875 0.19765625 0.07578125 0.12734375
43 0.17890625 0.2 0.06484375 0.1140625
43 0.24921875 0.19375 0.06484375 0.12265625
43 0.31640625 0.18828125 0.065625 0.1234375
43 0.38671875 0.18984375 0.07265625 0.11015625
43 0.46484375 0.1828125 0.05390625 0.1171875
43 0.534375 0.16953125 0.05546875 0.12421875
43 0.6109375 0.1703125 0.0625 0.121875
43 0.68125 0.16328125 0.071875 0.12890625
43 0.75234375 0.15859375 0.0609375 0.12265625
43 0.83203125 0.1578125 0.0609375 0.1140625
43 0.9109375 0.15390625 0.071875 0.12734375
43 0.1328125 0.36796875 0.06640625 0.115625
43 0.19921875 0.365625 0.06640625 0.12734375
43 0.2734375 0.36015625 0.0578125 0.1171875
43 0.33359375 0.3609375 0.0578125 0.11328125
43 0.39453125 0.3546875 0.0421875 0.121875
43 0.53359375 0.34921875 0.05078125 0.11953125
43 0.6109375 0.34765625 0.05546875 0.11953125
43 0.67265625 0.3375 0.0515625 0.12578125
43 0.746875 0.33515625 0.04609375 0.12109375
43 0.8125 0.33359375 0.05390625 0.11328125
43 0.8890625 0.325 0.06015625 0.13046875
43 0.18046875 0.51640625 0.10546875 0.153125
43 0.39921875 0.50546875 0.09921875 0.13828125
43 0.5015625 0.496875 0.090625 0.16328125
43 0.6171875 0.496875 0.08671875 0.14609375
43 0.83515625 0.49296875 0.10546875 0.15078125
43 0.82109375 0.64296875 0.103125 0.128125
43 0.61796875 0.65625 0.08515625 0.12578125
43 0.51953125 0.66796875 0.0921875 0.13203125
43 0.40390625 0.66171875 0.09375 0.13359375
43 0.21015625 0.67109375 0.1046875 0.13125
43 0.23359375 0.8078125 0.08828125 0.11953125
43 0.325 0.80546875 0.0890625 0.11484375
43 0.4234375 0.80078125 0.08515625 0.10078125
43 0.61015625 0.790625 0.08515625 0.11015625
43 0.7125 0.78828125 0.08359375 0.121875
43 0.80390625 0.78984375 0.07890625 0.12578125
43 0.29765625 0.49453125 0.08125 0.13359375
43 0.71328125 0.49765625 0.0875 0.15703125
43 0.3125 0.66796875 0.0921875 0.125
43 0.5140625 0.79453125 0.075 0.1
43 0.7046875 0.6453125 0.0796875 0.1296875
43 0.23359375 0.93984375 0.05 0.11953125
43 0.29140625 0.9375 0.0515625 0.125
43 0.33984375 0.93515625 0.0546875 0.12890625
43 0.39453125 0.934375 0.0390625 0.13125
43 0.7078125 0.93046875 0.0390625 0.13828125
43 0.7578125 0.928125 0.040625 0.12109375
43 0.8140625 0.9296875 0.046875 0.1375
43 0.44375 0.9328125 0.046875 0.134375
43 0.49609375 0.93125 0.0484375 0.1375
43 0.54296875 0.93515625 0.04453125 0.12890625
43 0.60546875 0.92109375 0.04375 0.14453125
43 0.65703125 0.921875 0.0421875 0.15