43 0.43515625 0.10234375 0.1046875 0.0642578125
43 0.45625 0.215625 0.1158203125 0.153125
43 0.546875 0.1203125 0.080859375 0.046484375
43 0.57109375 0.20859375 0.1048828125 0.1296875
43 0.68671875 0.1625 0.121875 0.1216796875
43 0.6609375 0.05859375 0.0681640625 0.0677734375
43 0.4703125 0.434375 0.075 0.06875
43 0.4953125 0.54375 0.12890625 0.13046875
43 0.57265625 0.44453125 0.1259765625 0.126171875
43 0.61796875 0.45703125 0.040625 0.2111328125
43 0.6984375 0.46171875 0.1224609375 0.1232421875
43 0.66953125 0.36875 0.0453125 0.04453125