43 0.421875 0.1 0.1126953125 0.1125
43 0.415625 0.2609375 0.171484375 0.171484375
43 0.6328125 0.04921875 0.109375 0.0984375
43 0.6265625 0.22578125 0.19609375 0.194921875
43 0.7765625 0.05 0.103125 0.1
43 0.80078125 0.19921875 0.1392578125 0.2125
43 0.44609375 0.51015625 0.109375 0.109375
43 0.45 0.66796875 0.115625 0.209375
43 0.58984375 0.47734375 0.1015625 0.1015625
43 0.59140625 0.64375 0.1140625 0.2345703125
43 0.71328125 0.48125 0.0953125 0.096875
43 0.7359375 0.63828125 0.15625 0.155078125