43 0.31875 0.225 0.1435546875 0.1095703125
43 0.2890625 0.38203125 0.1818359375 0.1826171875
43 0.4828125 0.2328125 0.115625 0.1279296875
43 0.45546875 0.39296875 0.161328125 0.1611328125
43 0.6640625 0.29765625 0.0689453125 0.3578125
43 0.37578125 0.61875 0.1046875 0.1064453125
43 0.3515625 0.784375 0.134375 0.209375
43 0.4828125 0.6140625 0.096484375 0.1029296875
43 0.48125 0.7703125 0.1001953125 0.202734375
43 0.6203125 0.60703125 0.1060546875 0.105078125
43 0.61796875 0.78203125 0.1263671875 0.2330078125