43 0.70859375 0.0421875 0.0796875 0.05
43 0.70546875 0.14140625 0.07890625 0.13359375
43 0.7109375 0.33984375 0.078125 0.034375
43 0.71015625 0.428125 0.08828125 0.13671875
43 0.61796875 0.40078125 0.0375 0.1953125
43 0.5890625 0.3828125 0.0234375 0.18515625
43 0.51640625 0.34765625 0.06953125 0.04921875
43 0.503125 0.4390625 0.071875 0.13046875
43 0.48671875 0.05703125 0.09375 0.0578125
43 0.4765625 0.153125 0.1015625 0.13359375
43 0.59296875 0.078125 0.06953125 0.0390625
43 0.57578125 0.16015625 0.06796875 0.115625