43 0.4 0.0578125 0.121875 0.115625
43 0.4078125 0.22109375 0.1935546875 0.19375
43 0.5703125 0.08046875 0.1091796875 0.0765625
43 0.5765625 0.22578125 0.155859375 0.155078125
43 0.73359375 0.05 0.1171875 0.0845703125
43 0.753125 0.2109375 0.112890625 0.21875
43 0.45234375 0.47890625 0.0986328125 0.0673828125
43 0.44921875 0.621875 0.164453125 0.1654296875
43 0.5515625 0.53828125 0.13359375 0.132421875
43 0.58203125 0.58046875 0.161328125 0.161328125
43 0.70703125 0.46484375 0.0826171875 0.082421875
43 0.75625 0.60078125 0.115625 0.1953125