43 0.43515625 0.10234375 0.1046875 0.06484375
43 0.45625 0.215625 0.11640625 0.153125
43 0.546875 0.1203125 0.0796875 0.0453125
43 0.57109375 0.20859375 0.10546875 0.1296875
43 0.68671875 0.1625 0.0875 0.15546875
43 0.6609375 0.05859375 0.08359375 0.05234375
43 0.4703125 0.434375 0.075 0.06875
43 0.4953125 0.54375 0.10625 0.153125
43 0.57265625 0.44453125 0.04453125 0.20625
43 0.61796875 0.45703125 0.040625 0.21171875
43 0.6984375 0.46171875 0.10390625 0.14296875
43 0.66953125 0.36875 0.05625 0.034375