43 0.31328125 0.10078125 0.1453125 0.103125
43 0.28125 0.26484375 0.1943359375 0.1947265625
43 0.48125 0.1109375 0.11796875 0.11640625
43 0.4546875 0.28203125 0.1630859375 0.1634765625
43 0.665625 0.18125 0.078125 0.3625
43 0.3734375 0.5078125 0.1091796875 0.1064453125
43 0.35390625 0.66953125 0.1697265625 0.169921875
43 0.48671875 0.503125 0.0990234375 0.099609375
43 0.48203125 0.6578125 0.1044921875 0.208984375
43 0.61875 0.496875 0.1060546875 0.1060546875
43 0.61640625 0.6671875 0.180078125 0.17890625