43 0.434375 0.103125 0.10859375 0.06640625
43 0.4546875 0.21484375 0.12421875 0.1578125
43 0.571875 0.2046875 0.0953125 0.140625
43 0.5484375 0.11875 0.0796875 0.04453125
43 0.66328125 0.06328125 0.08984375 0.05859375
43 0.69140625 0.16328125 0.0890625 0.14453125
43 0.69375 0.4609375 0.084375 0.1421875
43 0.66640625 0.3671875 0.06328125 0.04609375
43 0.6171875 0.45625 0.04609375 0.2140625
43 0.57421875 0.44375 0.04140625 0.2015625
43 0.49453125 0.5421875 0.096875 0.15078125
43 0.4703125 0.4359375 0.078125 0.0625