43 0.546875 0.33125 0.090625 0.065625
43 0.51796875 0.4296875 0.09765625 0.140625
43 0.66328125 0.3375 0.084375 0.0640625
43 0.64296875 0.4375 0.0765625 0.13046875
43 0.7890625 0.30234375 0.08515625 0.0671875
43 0.7890625 0.42890625 0.09375 0.171875
43 0.56015625 0.61328125 0.0859375 0.078125
43 0.5390625 0.7296875 0.09609375 0.13984375
43 0.62109375 0.6671875 0.02265625 0.240625
43 0.65859375 0.7078125 0.0484375 0.26953125
43 0.7671875 0.6546875 0.10390625 0.1265625
43 0.75546875 0.80859375 0.103125 0.175