43 0.44296875 0.19453125 0.10390625 0.0734375
43 0.403125 0.32265625 0.10234375 0.18203125
43 0.60546875 0.18203125 0.1109375 0.0828125
43 0.56015625 0.33203125 0.12265625 0.21015625
43 0.725 0.21875 0.1140625 0.06640625
43 0.70703125 0.3546875 0.11796875 0.19921875
43 0.4515625 0.53984375 0.0921875 0.08203125
43 0.43046875 0.66640625 0.08203125 0.16171875
43 0.5734375 0.55859375 0.09765625 0.07578125
43 0.53984375 0.70625 0.103125 0.2203125
43 0.67734375 0.6015625 0.0875 0.0765625
43 0.65546875 0.734375 0.0890625 0.190625