43 0.546875 0.3296875 0.0783203125 0.0783203125
43 0.51796875 0.43125 0.0955078125 0.1375
43 0.6640625 0.33984375 0.0693359375 0.069921875
43 0.64375 0.4390625 0.103515625 0.1037109375
43 0.790625 0.30546875 0.087109375 0.0578125
43 0.7859375 0.4296875 0.1404296875 0.1408203125
43 0.56171875 0.6125 0.0796875 0.075390625
43 0.53984375 0.73046875 0.1177734375 0.117578125
43 0.62265625 0.66796875 0.1388671875 0.1392578125
43 0.66015625 0.7109375 0.0455078125 0.278515625
43 0.76796875 0.65234375 0.1138671875 0.113671875
43 0.753125 0.80546875 0.14375 0.14375