43 0.43984375 0.09296875 0.1046875 0.1046875
43 0.39765625 0.23671875 0.1515625 0.2046875
43 0.58359375 0.1515625 0.0892578125 0.090625
43 0.53828125 0.28359375 0.1421875 0.1419921875
43 0.75546875 0.15234375 0.1201171875 0.1
43 0.728125 0.328125 0.1818359375 0.1818359375
43 0.47890625 0.4921875 0.0763671875 0.075390625
43 0.42578125 0.62578125 0.1169921875 0.2078125
43 0.53359375 0.634375 0.0423828125 0.2720703125
43 0.73203125 0.58046875 0.0947265625 0.0947265625
43 0.71953125 0.734375 0.1203125 0.218359375