43 0.70859375 0.0421875 0.0796875 0.05
43 0.70546875 0.14140625 0.1052734375 0.1072265625
43 0.7109375 0.33984375 0.05625 0.05625
43 0.71015625 0.428125 0.1134765625 0.1126953125
43 0.61796875 0.40078125 0.116796875 0.116796875
43 0.5890625 0.3828125 0.103515625 0.1033203125
43 0.51640625 0.34765625 0.0701171875 0.0486328125
43 0.503125 0.4390625 0.10078125 0.1005859375
43 0.48671875 0.05703125 0.09375 0.0578125
43 0.4765625 0.153125 0.102734375 0.1341796875
43 0.59296875 0.078125 0.0701171875 0.037890625
43 0.57578125 0.16015625 0.0919921875 0.091796875