43 0.496875 0.34609375 0.106640625 0.075
43 0.52265625 0.44921875 0.116796875 0.116796875
43 0.61953125 0.32109375 0.0828125 0.0576171875
43 0.6375 0.42109375 0.11171875 0.1115234375
43 0.72421875 0.2796875 0.0734375 0.05625
43 0.7671875 0.3828125 0.0935546875 0.1533203125
43 0.52265625 0.646875 0.0833984375 0.0837890625
43 0.53125 0.76953125 0.118359375 0.117578125
43 0.6140625 0.65859375 0.146484375 0.1458984375
43 0.675 0.67265625 0.04375 0.2607421875
43 0.7265625 0.596875 0.053515625 0.1001953125
43 0.75546875 0.71953125 0.09375 0.1330078125