43 0.340625 0.17265625 0.14140625 0.1078125
43 0.396875 0.34140625 0.1625 0.24296875
43 0.44140625 0.784375 0.1375 0.2390625
43 0.39375 0.61796875 0.1109375 0.09765625
43 0.62734375 0.46953125 0.071875 0.090625
43 0.690625 0.60234375 0.115625 0.18046875
43 0.5875 0.246875 0.128125 0.24296875
43 0.53515625 0.0734375 0.12421875 0.09453125
43 0.6546875 0.04765625 0.1 0.0796875
43 0.7203125 0.1828125 0.1078125 0.19765625
43 0.56484375 0.68125 0.11875 0.2484375
43 0.51640625 0.5234375 0.10390625 0.09453125