43 0.496875 0.34609375 0.1078125 0.075
43 0.52265625 0.44921875 0.103125 0.1296875
43 0.61953125 0.32109375 0.0828125 0.05703125
43 0.6375 0.42109375 0.0921875 0.13046875
43 0.72421875 0.2796875 0.0734375 0.05625
43 0.7671875 0.3828125 0.09296875 0.15390625
43 0.52265625 0.646875 0.08359375 0.08359375
43 0.53125 0.76953125 0.084375 0.1515625
43 0.6140625 0.65859375 0.046875 0.24609375
43 0.675 0.67265625 0.04375 0.26015625
43 0.7265625 0.596875 0.0546875 0.10078125
43 0.75546875 0.71953125 0.09375 0.13359375