43 0.40546875 0.1390625 0.140625 0.11484375
43 0.409375 0.30390625 0.1484375 0.2078125
43 0.571875 0.16484375 0.10625 0.07421875
43 0.57265625 0.30625 0.11875 0.203125
43 0.72734375 0.14140625 0.10859375 0.08359375
43 0.7484375 0.29609375 0.11640625 0.2078125
43 0.45234375 0.55390625 0.096875 0.078125
43 0.453125 0.70625 0.1140625 0.21328125
43 0.55 0.62109375 0.0203125 0.26484375
43 0.58515625 0.6609375 0.0453125 0.2703125
43 0.7078125 0.540625 0.09765625 0.0671875
43 0.75546875 0.6796875 0.11953125 0.196875