43 0.496875 0.34609375 0.1046875 0.075
43 0.52578125 0.45390625 0.10546875 0.1375
43 0.61875 0.321875 0.08046875 0.05859375
43 0.6359375 0.41875 0.08828125 0.125
43 0.72421875 0.28125 0.07109375 0.059375
43 0.75859375 0.378125 0.06953125 0.12578125
43 0.5234375 0.64375 0.0796875 0.08125
43 0.52890625 0.77265625 0.0796875 0.159375
43 0.61328125 0.659375 0.04375 0.246875
43 0.675 0.67578125 0.03828125 0.25859375
43 0.72734375 0.58671875 0.059375 0.09140625
43 0.75859375 0.71484375 0.1046875 0.14609375