43 0.34375 0.17578125 0.1341796875 0.1142578125
43 0.3890625 0.3515625 0.2 0.2
43 0.53671875 0.0828125 0.1201171875 0.0939453125
43 0.58125 0.25703125 0.1845703125 0.1857421875
43 0.5109375 0.52734375 0.093359375 0.092578125
43 0.56484375 0.69609375 0.176953125 0.1767578125
43 0.3921875 0.6109375 0.109375 0.1154296875
43 0.43359375 0.79609375 0.1453125 0.2390625
43 0.62578125 0.47890625 0.083203125 0.083203125
43 0.68828125 0.61171875 0.141796875 0.1416015625
43 0.65625 0.05625 0.099609375 0.080859375
43 0.715625 0.1828125 0.143359375 0.1439453125