43 0.3203125 0.18515625 0.1439453125 0.1046875
43 0.290625 0.34609375 0.184375 0.1853515625
43 0.48203125 0.246875 0.0642578125 0.3404296875
43 0.665625 0.196875 0.128125 0.1283203125
43 0.6515625 0.36953125 0.140234375 0.2015625
43 0.37421875 0.5859375 0.1048828125 0.1056640625
43 0.34921875 0.7453125 0.1705078125 0.1716796875
43 0.4828125 0.58203125 0.1005859375 0.1009765625
43 0.484375 0.73984375 0.1505859375 0.1513671875
43 0.621875 0.58046875 0.1125 0.109375
43 0.61640625 0.753125 0.1298828125 0.2314453125