43 0.340625 0.17265625 0.1408203125 0.1078125
43 0.396875 0.34140625 0.202734375 0.2021484375
43 0.44140625 0.784375 0.1875 0.187890625
43 0.39375 0.61796875 0.112109375 0.0982421875
43 0.62734375 0.46953125 0.071875 0.090625
43 0.690625 0.60234375 0.147265625 0.1482421875
43 0.5875 0.246875 0.128125 0.2435546875
43 0.53515625 0.0734375 0.1083984375 0.1091796875
43 0.6546875 0.04765625 0.1 0.0796875
43 0.7203125 0.1828125 0.108984375 0.1970703125
43 0.56484375 0.68125 0.184375 0.183984375
43 0.51640625 0.5234375 0.0986328125 0.0998046875