43 0.40546875 0.05390625 0.140625 0.096875
43 0.37734375 0.22734375 0.194921875 0.1947265625
43 0.571875 0.10078125 0.0998046875 0.1
43 0.5421875 0.25390625 0.1720703125 0.171875
43 0.75546875 0.08671875 0.134375 0.09375
43 0.7421875 0.27109375 0.146484375 0.2546875
43 0.7359375 0.53359375 0.116015625 0.0857421875
43 0.7453125 0.69921875 0.13125 0.2392578125
43 0.540625 0.62578125 0.1724609375 0.1732421875
43 0.45859375 0.48046875 0.0955078125 0.095703125
43 0.41953125 0.63671875 0.1173828125 0.2125