43 0.31328125 0.0890625 0.1294921875 0.1283203125
43 0.28203125 0.2484375 0.198046875 0.1970703125
43 0.4796875 0.096875 0.1224609375 0.12421875
43 0.4546875 0.2625 0.166015625 0.165625
43 0.66875 0.1796875 0.0748046875 0.3439453125
43 0.37265625 0.49453125 0.103125 0.103125
43 0.35078125 0.65859375 0.173046875 0.173046875
43 0.4828125 0.48828125 0.0931640625 0.0921875
43 0.48125 0.6453125 0.1537109375 0.1537109375
43 0.61796875 0.48515625 0.1080078125 0.1
43 0.6140625 0.6578125 0.178125 0.177734375