43 0.421875 0.1 0.12890625 0.096875
43 0.415625 0.2609375 0.1328125 0.2109375
43 0.63359375 0.04375 0.13359375 0.0875
43 0.6265625 0.22578125 0.1421875 0.2484375
43 0.77734375 0.04921875 0.12421875 0.08359375
43 0.80078125 0.19921875 0.13984375 0.2125
43 0.44609375 0.51015625 0.1203125 0.0984375
43 0.45 0.66796875 0.115625 0.209375
43 0.58984375 0.47734375 0.115625 0.0875
43 0.59140625 0.64375 0.1140625 0.23515625
43 0.71328125 0.48125 0.0953125 0.096875
43 0.7359375 0.63828125 0.1109375 0.2015625