43 0.521875 0.446875 0.09375 0.1373046875
43 0.5203125 0.34609375 0.0806640625 0.0802734375
43 0.64921875 0.334375 0.0734375 0.07421875
43 0.64765625 0.44140625 0.1103515625 0.1103515625
43 0.79140625 0.403125 0.123828125 0.1244140625
43 0.76953125 0.29140625 0.06875 0.06875
43 0.53671875 0.63671875 0.0857421875 0.0859375
43 0.53515625 0.746875 0.0923828125 0.1529296875
43 0.625 0.665625 0.0466796875 0.240625
43 0.678125 0.6984375 0.159765625 0.16015625
43 0.753125 0.62265625 0.09375 0.09375
43 0.7734375 0.76328125 0.121484375 0.1701171875