43 0.546875 0.3296875 0.08828125 0.06953125
43 0.51796875 0.43125 0.09609375 0.1375
43 0.6640625 0.33984375 0.07578125 0.0640625
43 0.64375 0.4390625 0.0796875 0.12734375
43 0.790625 0.30546875 0.0859375 0.0578125
43 0.7859375 0.4296875 0.10546875 0.17578125
43 0.56171875 0.6125 0.0796875 0.0765625
43 0.53984375 0.73046875 0.09296875 0.14375
43 0.62265625 0.66796875 0.02578125 0.25234375
43 0.66015625 0.7109375 0.04609375 0.2796875
43 0.76796875 0.65234375 0.10859375 0.11875
43 0.753125 0.80546875 0.103125 0.184375