43 0.315625 0.10078125 0.1466796875 0.0984375
43 0.28515625 0.26015625 0.1705078125 0.2234375
43 0.48359375 0.1078125 0.1228515625 0.1224609375
43 0.4546875 0.278125 0.14375 0.203125
43 0.66640625 0.1796875 0.0767578125 0.359375
43 0.3546875 0.66015625 0.1720703125 0.1728515625
43 0.375 0.5046875 0.1056640625 0.103515625
43 0.48515625 0.50078125 0.096875 0.096875
43 0.48515625 0.65546875 0.1578125 0.1578125
43 0.62265625 0.496875 0.1080078125 0.094140625
43 0.61796875 0.665625 0.128125 0.2248046875