43 0.34375 0.17578125 0.13359375 0.11484375
43 0.3890625 0.3515625 0.165625 0.234375
43 0.53671875 0.0828125 0.11953125 0.09453125
43 0.58125 0.25703125 0.12109375 0.24921875
43 0.5109375 0.52734375 0.109375 0.0765625
43 0.56484375 0.69609375 0.109375 0.24453125
43 0.3921875 0.6109375 0.109375 0.11484375
43 0.43359375 0.79609375 0.1453125 0.2390625
43 0.62578125 0.47890625 0.0765625 0.090625
43 0.68828125 0.61171875 0.115625 0.16640625
43 0.65625 0.05625 0.0984375 0.0796875
43 0.715625 0.1828125 0.1109375 0.17578125