43 0.4078125 0.1328125 0.1435546875 0.1029296875
43 0.40859375 0.29609375 0.146875 0.2263671875
43 0.571875 0.16484375 0.0875 0.0865234375
43 0.57265625 0.3140625 0.1580078125 0.1587890625
43 0.73046875 0.1390625 0.115625 0.0966796875
43 0.753125 0.2984375 0.112890625 0.2064453125
43 0.45234375 0.55078125 0.1 0.0767578125
43 0.44921875 0.7 0.1677734375 0.1685546875
43 0.55 0.62109375 0.143359375 0.1427734375
43 0.58515625 0.66328125 0.158203125 0.1583984375
43 0.7109375 0.53671875 0.0904296875 0.0896484375
43 0.75625 0.6796875 0.159375 0.159375