43 0.546875 0.33125 0.090625 0.065625
43 0.51796875 0.4296875 0.1197265625 0.119140625
43 0.66328125 0.3375 0.0734375 0.074609375
43 0.64296875 0.4375 0.0765625 0.1310546875
43 0.7890625 0.30234375 0.0755859375 0.076171875
43 0.7890625 0.42890625 0.13359375 0.1328125
43 0.56015625 0.61328125 0.082421875 0.082421875
43 0.5390625 0.7296875 0.1185546875 0.1185546875
43 0.62109375 0.6671875 0.1322265625 0.131640625
43 0.65859375 0.7078125 0.158203125 0.1591796875
43 0.7671875 0.6546875 0.1158203125 0.115234375
43 0.75546875 0.80859375 0.103125 0.175