43 0.40546875 0.1390625 0.128125 0.1279296875
43 0.409375 0.30390625 0.178125 0.179296875
43 0.571875 0.16484375 0.10625 0.0736328125
43 0.57265625 0.30625 0.1609375 0.16171875
43 0.72734375 0.14140625 0.1080078125 0.0830078125
43 0.7484375 0.29609375 0.1158203125 0.2078125
43 0.45234375 0.55390625 0.0875 0.0875
43 0.453125 0.70625 0.162890625 0.1626953125
43 0.55 0.62109375 0.019140625 0.2642578125
43 0.58515625 0.6609375 0.158203125 0.15859375
43 0.7078125 0.540625 0.0837890625 0.081640625
43 0.75546875 0.6796875 0.1201171875 0.196875