43 0.434375 0.103125 0.1091796875 0.0658203125
43 0.4546875 0.21484375 0.1248046875 0.1578125
43 0.571875 0.2046875 0.118359375 0.11640625
43 0.5484375 0.11875 0.062109375 0.0619140625
43 0.66328125 0.06328125 0.0736328125 0.0736328125
43 0.69140625 0.16328125 0.1171875 0.1169921875
43 0.69375 0.4609375 0.084375 0.141015625
43 0.66640625 0.3671875 0.0638671875 0.0466796875
43 0.6171875 0.45625 0.0466796875 0.212890625
43 0.57421875 0.44375 0.0419921875 0.200390625
43 0.49453125 0.5421875 0.096875 0.1501953125
43 0.4703125 0.4359375 0.078125 0.0625