43 0.4203125 0.103125 0.1125 0.1126953125
43 0.41796875 0.26171875 0.1388671875 0.2330078125
43 0.63359375 0.04765625 0.134375 0.0919921875
43 0.621875 0.234375 0.208984375 0.208984375
43 0.77265625 0.05390625 0.1265625 0.0826171875
43 0.79609375 0.20703125 0.1765625 0.1765625
43 0.44609375 0.5125 0.105078125 0.10625
43 0.45 0.66796875 0.1185546875 0.2048828125
43 0.58984375 0.4828125 0.1169921875 0.090234375
43 0.59140625 0.65078125 0.1296875 0.2482421875
43 0.7125 0.48125 0.0966796875 0.1
43 0.73125 0.64140625 0.15625 0.1552734375