43 0.40078125 0.0546875 0.15 0.09453125
43 0.4078125 0.22109375 0.15859375 0.228125
43 0.5703125 0.08046875 0.10859375 0.0765625
43 0.5765625 0.22578125 0.10625 0.2046875
43 0.73359375 0.05 0.1171875 0.08515625
43 0.753125 0.2109375 0.1140625 0.21875
43 0.45234375 0.47890625 0.09921875 0.06796875
43 0.44921875 0.621875 0.1109375 0.21953125
43 0.5515625 0.53828125 0.0234375 0.2421875
43 0.58203125 0.58046875 0.046875 0.2765625
43 0.70703125 0.46484375 0.09296875 0.071875
43 0.75625 0.60078125 0.115625 0.1953125