43 0.52265625 0.34375 0.0923828125 0.0783203125
43 0.52421875 0.4515625 0.1138671875 0.112890625
43 0.64765625 0.334375 0.0763671875 0.075390625
43 0.64921875 0.43515625 0.111328125 0.1111328125
43 0.76640625 0.290625 0.075 0.075
43 0.7921875 0.403125 0.1091796875 0.155859375
43 0.5359375 0.634375 0.0939453125 0.081640625
43 0.53671875 0.7484375 0.1146484375 0.1154296875
43 0.6265625 0.66796875 0.1462890625 0.145703125
43 0.67890625 0.69921875 0.0486328125 0.28125
43 0.753125 0.62109375 0.1025390625 0.1015625
43 0.7734375 0.76875 0.1220703125 0.1689453125