43 0.40546875 0.321875 0.146875 0.1466796875
43 0.44375 0.19453125 0.09375 0.094921875
43 0.60703125 0.1828125 0.1 0.1
43 0.56640625 0.33125 0.1109375 0.2
43 0.72578125 0.21875 0.0892578125 0.090234375
43 0.70859375 0.35390625 0.1548828125 0.1546875
43 0.4265625 0.66171875 0.1279296875 0.1271484375
43 0.45234375 0.5375 0.0802734375 0.08125
43 0.5390625 0.7125 0.16484375 0.1630859375
43 0.57421875 0.559375 0.0951171875 0.06875
43 0.67734375 0.60234375 0.083203125 0.083203125
43 0.65625 0.74765625 0.093359375 0.2044921875