43 0.4203125 0.103125 0.134375 0.09140625
43 0.41796875 0.26171875 0.13828125 0.23359375
43 0.63359375 0.04765625 0.134375 0.09140625
43 0.621875 0.234375 0.1484375 0.2671875
43 0.77265625 0.05390625 0.1265625 0.08203125
43 0.79609375 0.20703125 0.140625 0.2125
43 0.44609375 0.5125 0.1171875 0.0953125
43 0.45 0.66796875 0.11796875 0.20546875
43 0.58984375 0.4828125 0.11640625 0.0890625
43 0.59140625 0.65078125 0.1296875 0.24765625
43 0.7125 0.48125 0.09609375 0.1
43 0.73125 0.64140625 0.1015625 0.21171875