43 0.40625 0.053125 0.1435546875 0.1060546875
43 0.37578125 0.22265625 0.1830078125 0.1826171875
43 0.57421875 0.10546875 0.1 0.1009765625
43 0.54140625 0.25625 0.1234375 0.2154296875
43 0.75625 0.08984375 0.1212890625 0.1203125
43 0.7421875 0.27890625 0.1962890625 0.1953125
43 0.4609375 0.48515625 0.1033203125 0.075
43 0.4171875 0.634375 0.1689453125 0.168359375
43 0.5421875 0.62734375 0.16875 0.16875
43 0.7328125 0.53125 0.1158203125 0.0845703125
43 0.74296875 0.6890625 0.1267578125 0.2341796875