43 0.521875 0.446875 0.09375 0.13671875
43 0.5203125 0.34609375 0.09609375 0.06484375
43 0.64921875 0.334375 0.084375 0.0625
43 0.64765625 0.44140625 0.08359375 0.13671875
43 0.79140625 0.403125 0.0921875 0.15546875
43 0.76953125 0.29140625 0.0796875 0.0578125
43 0.53671875 0.63671875 0.09140625 0.0796875
43 0.53515625 0.746875 0.09296875 0.15234375
43 0.625 0.665625 0.04609375 0.240625
43 0.678125 0.6984375 0.0484375 0.271875
43 0.753125 0.62265625 0.09375 0.09375
43 0.7734375 0.76328125 0.1203125 0.16953125