43 0.4078125 0.1328125 0.14296875 0.10234375
43 0.40859375 0.29609375 0.146875 0.22578125
43 0.571875 0.16484375 0.1015625 0.07421875
43 0.57265625 0.3140625 0.11015625 0.20546875
43 0.73046875 0.1390625 0.115625 0.09609375
43 0.753125 0.2984375 0.1140625 0.20703125
43 0.45234375 0.55078125 0.1 0.07734375
43 0.44921875 0.7 0.11484375 0.22265625
43 0.55 0.62109375 0.021875 0.26484375
43 0.58515625 0.66328125 0.04375 0.27421875
43 0.7109375 0.53671875 0.09453125 0.08671875
43 0.75625 0.6796875 0.121875 0.196875