43 0.496875 0.34609375 0.105859375 0.075
43 0.52578125 0.45390625 0.1048828125 0.1375
43 0.61875 0.321875 0.0693359375 0.0693359375
43 0.6359375 0.41875 0.1064453125 0.10625
43 0.72421875 0.28125 0.0646484375 0.065234375
43 0.75859375 0.378125 0.0701171875 0.1251953125
43 0.5234375 0.64375 0.078515625 0.08125
43 0.52890625 0.77265625 0.119921875 0.119921875
43 0.61328125 0.659375 0.1453125 0.14453125
43 0.675 0.67578125 0.0376953125 0.2580078125
43 0.72734375 0.58671875 0.059375 0.0919921875
43 0.75859375 0.71484375 0.125 0.1259765625