43 0.52265625 0.34375 0.09296875 0.07890625
43 0.52421875 0.4515625 0.09296875 0.134375
43 0.64765625 0.334375 0.08359375 0.06875
43 0.64921875 0.43515625 0.0875 0.13515625
43 0.76640625 0.290625 0.084375 0.065625
43 0.7921875 0.403125 0.10859375 0.1546875
43 0.5359375 0.634375 0.09453125 0.0828125
43 0.53671875 0.7484375 0.08984375 0.14140625
43 0.6265625 0.66796875 0.04609375 0.2453125
43 0.67890625 0.69921875 0.04921875 0.28125
43 0.753125 0.62109375 0.09453125 0.109375
43 0.7734375 0.76875 0.12265625 0.16953125